Table Name,State Code,District Code,Area Name,Total/Rural/Urban,Educational Level,Non-Workers - Persons,Non-Workers - Males,Non-Workers - Females,Main Activity Students - Persons,Main Activity Students - Males,Main Activity Students - Females,Main Activity Household Duties - Persons,Main Activity Household Duties - Males,Main Activity Household Duties - Females,Main Activity Dependents - Persons,Main Activity Dependents - Males,Main Activity Dependents - Females,Main Activity Pensioners - Persons,Main Activity Pensioners - Males,Main Activity Pensioners - Females,Main Activity Rentiers - Persons,Main Activity Rentiers - Males,Main Activity Rentiers - Females,"Main Activity Beggars, Vagrants etc. - Persons","Main Activity Beggars, Vagrants etc. - Males","Main Activity Beggars, Vagrants etc. - Females",Main Activity Others - Persons,Main Activity Others - Males,Main Activity Others - Females
B0515,0,0,India,Total,Total,728966109,291330383,437635726,305182701,164001659,141181042,165647019,5792995,159854024,202037887,94692455,107345432,13760174,7944219,5815955,700043,348020,352023,372217,197725,174492,41266068,18353310,22912758
B0515,0,0,India,Total,Illiterate,291826581,110536046,181290535,42645922,22075628,20570294,61910843,2250611,59660232,172531843,81602065,90929778,5125031,1485009,3640022,245620,87988,157632,292802,138678,154124,9074520,2896067,6178453
B0515,0,0,India,Total,Literate,437139528,180794337,256345191,262536779,141926031,120610748,103736176,3542384,100193792,29506044,13090390,16415654,8635143,6459210,2175933,454423,260032,194391,79415,59047,20368,32191548,15457243,16734305
B0515,0,0,India,Total,Literate but below Matric/Secondary,291417376,124387401,167029975,199113017,105825032,93287985,56360264,2039481,54320783,19130242,8659227,10471015,2806499,1827806,978693,224957,114234,110723,53963,41431,12532,13728434,5880190,7848244
B0515,0,0,India,Total,Matric/Secondary but below Graduate,98000515,38789014,59211501,50610290,28384205,22226085,29322005,867122,28454883,5197905,2142755,3055150,2866273,2354404,511869,133821,83912,49909,10058,7621,2437,9860163,4948995,4911168
B0515,0,0,India,Total,Technical Diploma or Certificate not equal to Degree,2974371,1831529,1142842,1513698,1088302,425396,352371,22315,330056,139007,84463,54544,356705,244925,111780,6508,5539,969,195,157,38,605887,385828,220059
B0515,0,0,India,Total,Graduate and above other than Technical Degree,23184003,7782308,15401695,5770904,3278520,2492384,9564225,255160,9309065,1384071,527579,856492,1644213,1358839,285374,49839,34519,15320,2600,1855,745,4768151,2325836,2442315
B0515,0,0,India,Total,Technical Degree or Diploma equal to Degree or Post-Graduate Degree,4838694,2509007,2329687,2136177,1361326,774851,908561,37542,871019,223364,106531,116833,440540,345208,95332,7352,5730,1622,410,273,137,1122290,652397,469893
B0515,0,0,India,Rural,Total,485005760,200944045,284061715,207997668,112356441,95641227,96187463,4007216,92180247,147326584,69995157,77331427,7461759,3699527,3762232,221603,106888,114715,236850,118048,118802,25573833,10660768,14913065
B0515,0,0,India,Rural,Illiterate,217106903,82031657,135075246,29108725,15004355,14104370,45421265,1707294,43713971,131133159,61996765,69136394,4193639,1205851,2987788,122147,47651,74496,192925,84313,108612,6935043,1985428,4949615
B0515,0,0,India,Rural,Literate,267898857,118912388,148986469,178888943,97352086,81536857,50766198,2299922,48466276,16193425,7998392,8195033,3268120,2493676,774444,99456,59237,40219,43925,33735,10190,18638790,8675340,9963450
B0515,0,0,India,Rural,Literate but below Matric/Secondary,198796984,88412322,110384662,143606844,76406456,67200388,32818797,1462888,31355909,11517330,5715362,5801968,1489157,1018547,470610,61490,34441,27049,32325,25354,6971,9271041,3749274,5521767
B0515,0,0,India,Rural,Matric/Secondary but below Graduate,49612375,22069498,27542877,29034567,16936191,12098376,11926524,499731,11426793,2105071,1002420,1102651,1003201,878248,124953,22404,14988,7416,4253,3585,668,5516355,2734335,2782020
B0515,0,0,India,Rural,Technical Diploma or Certificate not equal to Degree,1383986,907249,476737,804231,595656,208575,110964,9883,101081,48287,30693,17594,110613,76406,34207,813,619,194,65,56,9,309013,193936,115077
B0515,0,0,India,Rural,Graduate and above other than Technical Degree,6920108,3175955,3744153,2481572,1598437,883135,1910339,102159,1808180,322264,169229,153035,312208,282452,29756,5088,3926,1162,726,634,92,1887911,1019118,868793
B0515,0,0,India,Rural,Technical Degree or Diploma equal to Degree or Post-Graduate Degree,1461922,875146,586776,723350,498776,224574,175753,12117,163636,50966,29553,21413,103538,87976,15562,716,543,173,117,96,21,407482,246085,161397
B0515,0,0,India,Urban,Total,243960349,90386338,153574011,97185033,51645218,45539815,69459556,1785779,67673777,54711303,24697298,30014005,6298415,4244692,2053723,478440,241132,237308,135367,79677,55690,15692235,7692542,7999693
B0515,0,0,India,Urban,Illiterate,74719678,28504389,46215289,13537197,7071273,6465924,16489578,543317,15946261,41398684,19605300,21793384,931392,279158,652234,123473,40337,83136,99877,54365,45512,2139477,910639,1228838
B0515,0,0,India,Urban,Literate,169240671,61881949,107358722,83647836,44573945,39073891,52969978,1242462,51727516,13312619,5091998,8220621,5367023,3965534,1401489,354967,200795,154172,35490,25312,10178,13552758,6781903,6770855
B0515,0,0,India,Urban,Literate but below Matric/Secondary,92620392,35975079,56645313,55506173,29418576,26087597,23541467,576593,22964874,7612912,2943865,4669047,1317342,809259,508083,163467,79793,83674,21638,16077,5561,4457393,2130916,2326477
B0515,0,0,India,Urban,Matric/Secondary but below Graduate,48388140,16719516,31668624,21575723,11448014,10127709,17395481,367391,17028090,3092834,1140335,1952499,1863072,1476156,386916,111417,68924,42493,5805,4036,1769,4343808,2214660,2129148
B0515,0,0,India,Urban,Technical Diploma or Certificate not equal to Degree,1590385,924280,666105,709467,492646,216821,241407,12432,228975,90720,53770,36950,246092,168519,77573,5695,4920,775,130,101,29,296874,191892,104982
B0515,0,0,India,Urban,Graduate and above other than Technical Degree,16263895,4606353,11657542,3289332,1680083,1609249,7653886,153001,7500885,1061807,358350,703457,1332005,1076387,255618,44751,30593,14158,1874,1221,653,2880240,1306718,1573522
B0515,0,0,India,Urban,Technical Degree or Diploma equal to Degree or Post-Graduate Degree,3376772,1633861,1742911,1412827,862550,550277,732808,25425,707383,172398,76978,95420,337002,257232,79770,6636,5187,1449,293,177,116,714808,406312,308496
B0515,1,0,State - Jammu & Kashmir,Total,Total,8218589,3445572,4773017,3515120,1899960,1615160,1645122,78581,1566541,2279760,1127049,1152711,127079,97913,29166,2908,1894,1014,3693,2235,1458,644907,237940,406967
B0515,1,0,State - Jammu & Kashmir,Total,Illiterate,3920165,1451673,2468492,526079,274719,251360,995368,47684,947684,2139077,1060567,1078510,30685,14506,16179,1240,675,565,3182,1836,1346,224534,51686,172848
B0515,1,0,State - Jammu & Kashmir,Total,Literate,4298424,1993899,2304525,2989041,1625241,1363800,649754,30897,618857,140683,66482,74201,96394,83407,12987,1668,1219,449,511,399,112,420373,186254,234119
B0515,1,0,State - Jammu & Kashmir,Total,Literate but below Matric/Secondary,2745741,1305415,1440326,2153183,1163305,989878,338539,17337,321202,79525,38903,40622,31062,26571,4491,608,426,182,318,265,53,142506,58608,83898
B0515,1,0,State - Jammu & Kashmir,Total,Matric/Secondary but below Graduate,1134483,504230,630253,683395,376597,306798,220764,9028,211736,32530,14084,18446,38172,33819,4353,599,450,149,93,76,17,158930,70176,88754
B0515,1,0,State - Jammu & Kashmir,Total,Technical Diploma or Certificate not equal to Degree,25893,13277,12616,14027,8415,5612,3897,152,3745,966,411,555,1247,1127,120,20,14,6,1,0,1,5735,3158,2577
B0515,1,0,State - Jammu & Kashmir,Total,Graduate and above other than Technical Degree,222325,94908,127417,81755,43871,37884,44853,1610,43243,6970,2640,4330,16089,13762,2327,250,198,52,18,12,6,72390,32815,39575
B0515,1,0,State - Jammu & Kashmir,Total,Technical Degree or Diploma equal to Degree or Post-Graduate Degree,62658,31203,31455,25592,13871,11721,7208,387,6821,1490,645,845,6393,5477,916,87,69,18,3,1,2,21885,10753,11132
B0515,1,0,State - Jammu & Kashmir,Rural,Total,5994979,2562471,3432508,2569993,1400557,1169436,1133625,60895,1072730,1794212,896557,897655,69537,52763,16774,1135,733,402,2874,1756,1118,423603,149210,274393
B0515,1,0,State - Jammu & Kashmir,Rural,Illiterate,3056738,1139524,1917214,382757,199763,182994,760316,38590,721726,1713351,853851,859500,22011,9612,12399,637,322,315,2498,1449,1049,175168,35937,139231
B0515,1,0,State - Jammu & Kashmir,Rural,Literate,2938241,1422947,1515294,2187236,1200794,986442,373309,22305,351004,80861,42706,38155,47526,43151,4375,498,411,87,376,307,69,248435,113273,135162
B0515,1,0,State - Jammu & Kashmir,Rural,Literate but below Matric/Secondary,2063220,997869,1065351,1654954,896199,758755,232314,13671,218643,51038,27059,23979,20748,18435,2313,210,166,44,241,207,34,103715,42132,61583
B0515,1,0,State - Jammu & Kashmir,Rural,Matric/Secondary but below Graduate,695948,333827,362121,454117,257526,196591,110389,6048,104341,15518,7815,7703,19619,18233,1386,206,177,29,61,58,3,96038,43970,52068
B0515,1,0,State - Jammu & Kashmir,Rural,Technical Diploma or Certificate not equal to Degree,6972,4343,2629,4528,3047,1481,563,50,513,140,98,42,181,165,16,2,2,0,0,0,0,1558,981,577
B0515,1,0,State - Jammu & Kashmir,Rural,Graduate and above other than Technical Degree,84590,45206,39384,42322,25088,17234,9084,671,8413,1417,759,658,3760,3535,225,36,32,4,13,8,5,27958,15113,12845
B0515,1,0,State - Jammu & Kashmir,Rural,Technical Degree or Diploma equal to Degree or Post-Graduate Degree,22479,13001,9478,10446,6386,4060,1605,148,1457,370,200,170,1619,1520,99,21,20,1,2,1,1,8416,4726,3690
B0515,1,0,State - Jammu & Kashmir,Urban,Total,2223610,883101,1340509,945127,499403,445724,511497,17686,493811,485548,230492,255056,57542,45150,12392,1773,1161,612,819,479,340,221304,88730,132574
B0515,1,0,State - Jammu & Kashmir,Urban,Illiterate,863427,312149,551278,143322,74956,68366,235052,9094,225958,425726,206716,219010,8674,4894,3780,603,353,250,684,387,297,49366,15749,33617
B0515,1,0,State - Jammu & Kashmir,Urban,Literate,1360183,570952,789231,801805,424447,377358,276445,8592,267853,59822,23776,36046,48868,40256,8612,1170,808,362,135,92,43,171938,72981,98957
B0515,1,0,State - Jammu & Kashmir,Urban,Literate but below Matric/Secondary,682521,307546,374975,498229,267106,231123,106225,3666,102559,28487,11844,16643,10314,8136,2178,398,260,138,77,58,19,38791,16476,22315
B0515,1,0,State - Jammu & Kashmir,Urban,Matric/Secondary but below Graduate,438535,170403,268132,229278,119071,110207,110375,2980,107395,17012,6269,10743,18553,15586,2967,393,273,120,32,18,14,62892,26206,36686
B0515,1,0,State - Jammu & Kashmir,Urban,Technical Diploma or Certificate not equal to Degree,18921,8934,9987,9499,5368,4131,3334,102,3232,826,313,513,1066,962,104,18,12,6,1,0,1,4177,2177,2000
B0515,1,0,State - Jammu & Kashmir,Urban,Graduate and above other than Technical Degree,137735,49702,88033,39433,18783,20650,35769,939,34830,5553,1881,3672,12329,10227,2102,214,166,48,5,4,1,44432,17702,26730
B0515,1,0,State - Jammu & Kashmir,Urban,Technical Degree or Diploma equal to Degree or Post-Graduate Degree,40179,18202,21977,15146,7485,7661,5603,239,5364,1120,445,675,4774,3957,817,66,49,17,1,0,1,13469,6027,7442
B0515,2,0,State - Himachal Pradesh,Total,Total,3305180,1438500,1866680,1587613,844163,743450,545588,24470,521118,810809,390860,419949,151225,96975,54250,1973,1055,918,709,451,258,207263,80526,126737
B0515,2,0,State - Himachal Pradesh,Total,Illiterate,1152932,489842,663090,195990,103684,92306,141224,7306,133918,746329,357635,388694,47353,14690,32663,601,232,369,528,304,224,20907,5991,14916
B0515,2,0,State - Himachal Pradesh,Total,Literate,2152248,948658,1203590,1391623,740479,651144,404364,17164,387200,64480,33225,31255,103872,82285,21587,1372,823,549,181,147,34,186356,74535,111821
B0515,2,0,State - Himachal Pradesh,Total,Literate but below Matric/Secondary,1287899,597133,690766,975971,522355,453616,186036,8004,178032,39379,21068,18311,38596,27492,11104,601,311,290,113,93,20,47203,17810,29393
B0515,2,0,State - Himachal Pradesh,Total,Matric/Secondary but below Graduate,652784,271698,381086,352019,185234,166785,160088,6666,153422,14208,7311,6897,41209,36177,5032,488,318,170,44,36,8,84728,35956,48772
B0515,2,0,State - Himachal Pradesh,Total,Technical Diploma or Certificate not equal to Degree,21004,12861,8143,11405,7754,3651,1489,138,1351,310,202,108,3641,2241,1400,28,20,8,0,0,0,4131,2506,1625
B0515,2,0,State - Himachal Pradesh,Total,Graduate and above other than Technical Degree,122285,40204,82081,32756,14123,18633,36993,1281,35712,2740,1200,1540,13502,11538,1964,190,135,55,13,10,3,36091,11917,24174
B0515,2,0,State - Himachal Pradesh,Total,Technical Degree or Diploma equal to Degree or Post-Graduate Degree,24628,11283,13345,9987,5417,4570,3619,198,3421,442,252,190,2827,2200,627,17,11,6,1,1,0,7735,3204,4531
B0515,2,0,State - Himachal Pradesh,Rural,Total,2886666,1273987,1612679,1397371,742284,655087,439769,21536,418233,747748,359832,387916,129529,83063,46466,1051,596,455,371,244,127,170827,66432,104395
B0515,2,0,State - Himachal Pradesh,Rural,Illiterate,1057138,448991,608147,174361,92051,82310,125860,6726,119134,692610,330779,361831,44987,13993,30994,397,169,228,258,146,112,18665,5127,13538
B0515,2,0,State - Himachal Pradesh,Rural,Literate,1829528,824996,1004532,1223010,650233,572777,313909,14810,299099,55138,29053,26085,84542,69070,15472,654,427,227,113,98,15,152162,61305,90857
B0515,2,0,State - Himachal Pradesh,Rural,Literate but below Matric/Secondary,1144660,534136,610524,876378,467082,409296,156905,7144,149761,34672,19060,15612,34951,25518,9433,323,184,139,73,65,8,41358,15083,26275
B0515,2,0,State - Himachal Pradesh,Rural,Matric/Secondary but below Graduate,538370,231569,306801,298951,157645,141306,121411,5776,115635,11605,6049,5556,34048,31062,2986,222,161,61,31,26,5,72102,30850,41252
B0515,2,0,State - Himachal Pradesh,Rural,Technical Diploma or Certificate not equal to Degree,15873,10108,5765,9300,6408,2892,922,108,814,220,147,73,2275,1502,773,10,10,0,0,0,0,3146,1933,1213
B0515,2,0,State - Himachal Pradesh,Rural,Graduate and above other than Technical Degree,77174,27727,49447,23289,10341,12948,19426,862,18564,1712,770,942,8016,7251,765,69,52,17,4,4,0,24658,8447,16211
B0515,2,0,State - Himachal Pradesh,Rural,Technical Degree or Diploma equal to Degree or Post-Graduate Degree,15942,7744,8198,6838,3854,2984,1968,129,1839,265,156,109,1577,1348,229,6,4,2,0,0,0,5288,2253,3035
B0515,2,0,State - Himachal Pradesh,Urban,Total,418514,164513,254001,190242,101879,88363,105819,2934,102885,63061,31028,32033,21696,13912,7784,922,459,463,338,207,131,36436,14094,22342
B0515,2,0,State - Himachal Pradesh,Urban,Illiterate,95794,40851,54943,21629,11633,9996,15364,580,14784,53719,26856,26863,2366,697,1669,204,63,141,270,158,112,2242,864,1378
B0515,2,0,State - Himachal Pradesh,Urban,Literate,322720,123662,199058,168613,90246,78367,90455,2354,88101,9342,4172,5170,19330,13215,6115,718,396,322,68,49,19,34194,13230,20964
B0515,2,0,State - Himachal Pradesh,Urban,Literate but below Matric/Secondary,143239,62997,80242,99593,55273,44320,29131,860,28271,4707,2008,2699,3645,1974,1671,278,127,151,40,28,12,5845,2727,3118
B0515,2,0,State - Himachal Pradesh,Urban,Matric/Secondary but below Graduate,114414,40129,74285,53068,27589,25479,38677,890,37787,2603,1262,1341,7161,5115,2046,266,157,109,13,10,3,12626,5106,7520
B0515,2,0,State - Himachal Pradesh,Urban,Technical Diploma or Certificate not equal to Degree,5131,2753,2378,2105,1346,759,567,30,537,90,55,35,1366,739,627,18,10,8,0,0,0,985,573,412
B0515,2,0,State - Himachal Pradesh,Urban,Graduate and above other than Technical Degree,45111,12477,32634,9467,3782,5685,17567,419,17148,1028,430,598,5486,4287,1199,121,83,38,9,6,3,11433,3470,7963
B0515,2,0,State - Himachal Pradesh,Urban,Technical Degree or Diploma equal to Degree or Post-Graduate Degree,8686,3539,5147,3149,1563,1586,1651,69,1582,177,96,81,1250,852,398,11,7,4,1,1,0,2447,951,1496
B0515,3,0,State - Punjab,Total,Total,17845976,6565308,11280668,6775511,3722633,3052878,5895580,234543,5661037,3531043,1751972,1779071,508613,290922,217691,16338,8254,8084,7224,4706,2518,1111667,552278,559389
B0515,3,0,State - Punjab,Total,Illiterate,6482877,2324090,4158787,1058213,578341,479872,1999078,83772,1915306,2959900,1484576,1475324,220148,78010,142138,6219,2862,3357,5869,3661,2208,233450,92868,140582
B0515,3,0,State - Punjab,Total,Literate,11363099,4241218,7121881,5717298,3144292,2573006,3896502,150771,3745731,571143,267396,303747,288465,212912,75553,10119,5392,4727,1355,1045,310,878217,459410,418807
B0515,3,0,State - Punjab,Total,Literate but below Matric/Secondary,6592162,2748618,3843544,4092566,2306944,1785622,1794851,72351,1722500,316932,154677,162255,84410,55349,29061,4886,2370,2516,905,717,188,297612,156210,141402
B0515,3,0,State - Punjab,Total,Matric/Secondary but below Graduate,3472912,1110436,2362476,1291647,674590,617057,1524299,57399,1466900,160713,73167,87546,106474,89863,16611,3582,2115,1467,246,184,62,385951,213118,172833
B0515,3,0,State - Punjab,Total,Technical Diploma or Certificate not equal to Degree,127525,66882,60643,61468,38885,22583,18980,1366,17614,4174,2387,1787,22834,11913,10921,124,79,45,4,3,1,19941,12249,7692
B0515,3,0,State - Punjab,Total,Graduate and above other than Technical Degree,666200,150188,516012,133297,52795,80502,347862,9253,338609,31564,9303,22261,47192,38185,9007,959,541,418,40,24,16,105286,40087,65199
B0515,3,0,State - Punjab,Total,Technical Degree or Diploma equal to Degree or Post-Graduate Degree,173133,65141,107992,80608,38106,42502,41615,1616,39999,5459,2067,3392,13366,9508,3858,116,72,44,3,2,1,31966,13770,18196
B0515,3,0,State - Punjab,Rural,Total,11164993,4097657,7067336,4188728,2305256,1883472,3695534,156159,3539375,2256853,1141350,1115503,325631,170704,154927,8377,4574,3803,2676,1671,1005,687194,317943,369251
B0515,3,0,State - Punjab,Rural,Illiterate,4417125,1531475,2885650,643658,352844,290814,1443271,58909,1384362,1970187,989939,980248,188195,66554,121641,3936,2048,1888,2181,1301,880,165697,59880,105817
B0515,3,0,State - Punjab,Rural,Literate,6747868,2566182,4181686,3545070,1952412,1592658,2252263,97250,2155013,286666,151411,135255,137436,104150,33286,4441,2526,1915,495,370,125,521497,258063,263434
B0515,3,0,State - Punjab,Rural,Literate but below Matric/Secondary,4328867,1788428,2540439,2672288,1506834,1165454,1218733,51236,1167497,176942,93939,83003,56830,38109,18721,2438,1251,1187,338,257,81,201298,96802,104496
B0515,3,0,State - Punjab,Rural,Matric/Secondary but below Graduate,1926558,622478,1304080,725695,375860,349835,836952,36411,800541,70293,37473,32820,53171,46995,6176,1509,978,531,80,61,19,238858,124700,114158
B0515,3,0,State - Punjab,Rural,Technical Diploma or Certificate not equal to Degree,60812,32500,28312,33608,20188,13420,7507,680,6827,1432,889,543,7320,4485,2835,27,17,10,3,2,1,10915,6239,4676
B0515,3,0,State - Punjab,Rural,Graduate and above other than Technical Degree,179095,42971,136124,51456,17954,33502,76300,2712,73588,5743,2379,3364,8637,7640,997,220,147,73,11,8,3,36728,12131,24597
B0515,3,0,State - Punjab,Rural,Technical Degree or Diploma equal to Degree or Post-Graduate Degree,49928,18186,31742,26167,11102,15065,9270,459,8811,1163,494,669,2379,1951,428,25,17,8,1,0,1,10923,4163,6760
B0515,3,0,State - Punjab,Urban,Total,6680983,2467651,4213332,2586783,1417377,1169406,2200046,78384,2121662,1274190,610622,663568,182982,120218,62764,7961,3680,4281,4548,3035,1513,424473,234335,190138
B0515,3,0,State - Punjab,Urban,Illiterate,2065752,792615,1273137,414555,225497,189058,555807,24863,530944,989713,494637,495076,31953,11456,20497,2283,814,1469,3688,2360,1328,67753,32988,34765
B0515,3,0,State - Punjab,Urban,Literate,4615231,1675036,2940195,2172228,1191880,980348,1644239,53521,1590718,284477,115985,168492,151029,108762,42267,5678,2866,2812,860,675,185,356720,201347,155373
B0515,3,0,State - Punjab,Urban,Literate but below Matric/Secondary,2263295,960190,1303105,1420278,800110,620168,576118,21115,555003,139990,60738,79252,27580,17240,10340,2448,1119,1329,567,460,107,96314,59408,36906
B0515,3,0,State - Punjab,Urban,Matric/Secondary but below Graduate,1546354,487958,1058396,565952,298730,267222,687347,20988,666359,90420,35694,54726,53303,42868,10435,2073,1137,936,166,123,43,147093,88418,58675
B0515,3,0,State - Punjab,Urban,Technical Diploma or Certificate not equal to Degree,66713,34382,32331,27860,18697,9163,11473,686,10787,2742,1498,1244,15514,7428,8086,97,62,35,1,1,0,9026,6010,3016
B0515,3,0,State - Punjab,Urban,Graduate and above other than Technical Degree,487105,107217,379888,81841,34841,47000,271562,6541,265021,25821,6924,18897,38555,30545,8010,739,394,345,29,16,13,68558,27956,40602
B0515,3,0,State - Punjab,Urban,Technical Degree or Diploma equal to Degree or Post-Graduate Degree,123205,46955,76250,54441,27004,27437,32345,1157,31188,4296,1573,2723,10987,7557,3430,91,55,36,2,2,0,21043,9607,11436
B0515,4,0,State - Chandigarh,Total,Total,651314,252504,398810,294959,161672,133287,183861,2124,181737,113630,55679,57951,25094,17798,7296,1575,1057,518,114,83,31,32081,14091,17990
B0515,4,0,State - Chandigarh,Total,Illiterate,192958,74326,118632,43603,23417,20186,47792,702,47090,95091,47741,47350,2395,966,1429,317,157,160,74,51,23,3686,1292,2394
B0515,4,0,State - Chandigarh,Total,Literate,458356,178178,280178,251356,138255,113101,136069,1422,134647,18539,7938,10601,22699,16832,5867,1258,900,358,40,32,8,28395,12799,15596
B0515,4,0,State - Chandigarh,Total,Literate but below Matric/Secondary,228674,99854,128820,160483,89412,71071,48654,611,48043,9457,4212,5245,2863,1791,1072,335,215,120,26,23,3,6856,3590,3266
B0515,4,0,State - Chandigarh,Total,Matric/Secondary but below Graduate,136571,48785,87786,68272,37121,31151,48010,464,47546,5046,2161,2885,5778,4469,1309,396,298,98,9,7,2,9060,4265,4795
B0515,4,0,State - Chandigarh,Total,Technical Diploma or Certificate not equal to Degree,6257,3743,2514,2822,2126,696,919,22,897,200,110,90,1537,943,594,44,34,10,0,0,0,735,508,227
B0515,4,0,State - Chandigarh,Total,Graduate and above other than Technical Degree,66279,18518,47761,13540,6069,7471,31151,220,30931,2317,816,1501,10143,8003,2140,401,297,104,5,2,3,8722,3111,5611
B0515,4,0,State - Chandigarh,Total,Technical Degree or Diploma equal to Degree or Post-Graduate Degree,13927,5662,8265,5305,2970,2335,3710,45,3665,395,164,231,1997,1399,598,59,44,15,0,0,0,2461,1040,1421
B0515,4,0,State - Chandigarh,Rural,Total,16641,6486,10155,6962,3903,3059,4605,26,4579,3941,2009,1932,274,208,66,75,59,16,0,0,0,784,281,503
B0515,4,0,State - Chandigarh,Rural,Illiterate,6585,2655,3930,1370,725,645,1407,12,1395,3583,1837,1746,78,36,42,24,17,7,0,0,0,123,28,95
B0515,4,0,State - Chandigarh,Rural,Literate,10056,3831,6225,5592,3178,2414,3198,14,3184,358,172,186,196,172,24,51,42,9,0,0,0,661,253,408
B0515,4,0,State - Chandigarh,Rural,Literate but below Matric/Secondary,6393,2709,3684,4302,2437,1865,1538,4,1534,224,105,119,77,60,17,25,19,6,0,0,0,227,84,143
B0515,4,0,State - Chandigarh,Rural,Matric/Secondary but below Graduate,2879,895,1984,1091,620,471,1291,6,1285,100,44,56,84,81,3,18,16,2,0,0,0,295,128,167
B0515,4,0,State - Chandigarh,Rural,Technical Diploma or Certificate not equal to Degree,48,34,14,35,27,8,4,1,3,0,0,0,3,3,0,0,0,0,0,0,0,6,3,3
B0515,4,0,State - Chandigarh,Rural,Graduate and above other than Technical Degree,525,125,400,108,58,50,270,1,269,13,9,4,27,24,3,7,6,1,0,0,0,100,27,73
B0515,4,0,State - Chandigarh,Rural,Technical Degree or Diploma equal to Degree or Post-Graduate Degree,86,37,49,32,25,7,25,0,25,5,3,2,1,0,1,0,0,0,0,0,0,23,9,14
B0515,4,0,State - Chandigarh,Urban,Total,634673,246018,388655,287997,157769,130228,179256,2098,177158,109689,53670,56019,24820,17590,7230,1500,998,502,114,83,31,31297,13810,17487
B0515,4,0,State - Chandigarh,Urban,Illiterate,186373,71671,114702,42233,22692,19541,46385,690,45695,91508,45904,45604,2317,930,1387,293,140,153,74,51,23,3563,1264,2299
B0515,4,0,State - Chandigarh,Urban,Literate,448300,174347,273953,245764,135077,110687,132871,1408,131463,18181,7766,10415,22503,16660,5843,1207,858,349,40,32,8,27734,12546,15188
B0515,4,0,State - Chandigarh,Urban,Literate but below Matric/Secondary,222281,97145,125136,156181,86975,69206,47116,607,46509,9233,4107,5126,2786,1731,1055,310,196,114,26,23,3,6629,3506,3123
B0515,4,0,State - Chandigarh,Urban,Matric/Secondary but below Graduate,133692,47890,85802,67181,36501,30680,46719,458,46261,4946,2117,2829,5694,4388,1306,378,282,96,9,7,2,8765,4137,4628
B0515,4,0,State - Chandigarh,Urban,Technical Diploma or Certificate not equal to Degree,6209,3709,2500,2787,2099,688,915,21,894,200,110,90,1534,940,594,44,34,10,0,0,0,729,505,224
B0515,4,0,State - Chandigarh,Urban,Graduate and above other than Technical Degree,65754,18393,47361,13432,6011,7421,30881,219,30662,2304,807,1497,10116,7979,2137,394,291,103,5,2,3,8622,3084,5538
B0515,4,0,State - Chandigarh,Urban,Technical Degree or Diploma equal to Degree or Post-Graduate Degree,13841,5625,8216,5273,2945,2328,3685,45,3640,390,161,229,1996,1399,597,59,44,15,0,0,0,2438,1031,1407
B0515,5,0,State - Uttarakhand,Total,Total,6214017,2585852,3628165,2937355,1573084,1364271,1330999,31192,1299807,1466376,707912,758464,207933,130658,77275,5050,2442,2608,3075,2219,856,263229,138345,124884
B0515,5,0,State - Uttarakhand,Total,Illiterate,2261097,861630,1399467,367969,193823,174146,487371,10642,476729,1300247,630044,670203,64389,12523,51866,1466,423,1043,1981,1258,723,37674,12917,24757
B0515,5,0,State - Uttarakhand,Total,Literate,3952920,1724222,2228698,2569386,1379261,1190125,843628,20550,823078,166129,77868,88261,143544,118135,25409,3584,2019,1565,1094,961,133,225555,125428,100127
B0515,5,0,State - Uttarakhand,Total,Literate but below Matric/Secondary,2518076,1149568,1368508,1858296,994130,864166,415279,12265,403014,109571,52962,56609,61570,47363,14207,1555,766,789,675,598,77,71130,41484,29646
B0515,5,0,State - Uttarakhand,Total,Matric/Secondary but below Graduate,934549,405095,529454,552176,298408,253768,234194,5071,229123,29911,13874,16037,49523,44824,4699,1209,735,474,201,182,19,67335,42001,25334
B0515,5,0,State - Uttarakhand,Total,Technical Diploma or Certificate not equal to Degree,16791,12473,4318,11303,8338,2965,755,63,692,424,347,77,1715,1611,104,32,32,0,4,4,0,2558,2078,480
B0515,5,0,State - Uttarakhand,Total,Graduate and above other than Technical Degree,362999,106127,256872,104860,51412,53448,155820,2039,153781,12271,4242,8029,22446,18733,3713,615,382,233,118,101,17,66869,29218,37651
B0515,5,0,State - Uttarakhand,Total,Technical Degree or Diploma equal to Degree or Post-Graduate Degree,48397,26520,21877,24925,16524,8401,7938,221,7717,1250,636,614,3839,3055,784,68,57,11,11,8,3,10366,6019,4347
B0515,5,0,State - Uttarakhand,Rural,Total,4151421,1792368,2359053,2046396,1091718,954678,747572,21877,725695,1056141,510838,545303,145308,87035,58273,1606,839,767,874,573,301,153524,79488,74036
B0515,5,0,State - Uttarakhand,Rural,Illiterate,1628659,622816,1005843,254365,132922,121443,328443,7531,320912,963646,463913,499733,56036,10742,45294,573,183,390,589,326,263,25007,7199,17808
B0515,5,0,State - Uttarakhand,Rural,Literate,2522762,1169552,1353210,1792031,958796,833235,419129,14346,404783,92495,46925,45570,89272,76293,12979,1033,656,377,285,247,38,128517,72289,56228
B0515,5,0,State - Uttarakhand,Rural,Literate but below Matric/Secondary,1774034,831245,942789,1360115,721306,638809,251010,9272,241738,66357,34323,32034,48416,39438,8978,520,312,208,184,160,24,47432,26434,20998
B0515,5,0,State - Uttarakhand,Rural,Matric/Secondary but below Graduate,539870,255274,284596,351234,191956,159278,104632,3417,101215,13622,6965,6657,28850,27174,1676,345,227,118,51,47,4,41136,25488,15648
B0515,5,0,State - Uttarakhand,Rural,Technical Diploma or Certificate not equal to Degree,8201,6344,1857,6330,4927,1403,225,28,197,116,102,14,365,333,32,1,1,0,1,1,0,1163,952,211
B0515,5,0,State - Uttarakhand,Rural,Graduate and above other than Technical Degree,142164,51947,90217,54457,28317,26140,45718,943,44775,3807,1561,2246,7404,6671,733,125,93,32,23,21,2,30630,14341,16289
B0515,5,0,State - Uttarakhand,Rural,Technical Degree or Diploma equal to Degree or Post-Graduate Degree,15595,9458,6137,8565,5874,2691,1791,85,1706,313,192,121,1102,920,182,8,6,2,4,2,2,3812,2379,1433
B0515,5,0,State - Uttarakhand,Urban,Total,2062596,793484,1269112,890959,481366,409593,583427,9315,574112,410235,197074,213161,62625,43623,19002,3444,1603,1841,2201,1646,555,109705,58857,50848
B0515,5,0,State - Uttarakhand,Urban,Illiterate,632438,238814,393624,113604,60901,52703,158928,3111,155817,336601,166131,170470,8353,1781,6572,893,240,653,1392,932,460,12667,5718,6949
B0515,5,0,State - Uttarakhand,Urban,Literate,1430158,554670,875488,777355,420465,356890,424499,6204,418295,73634,30943,42691,54272,41842,12430,2551,1363,1188,809,714,95,97038,53139,43899
B0515,5,0,State - Uttarakhand,Urban,Literate but below Matric/Secondary,744042,318323,425719,498181,272824,225357,164269,2993,161276,43214,18639,24575,13154,7925,5229,1035,454,581,491,438,53,23698,15050,8648
B0515,5,0,State - Uttarakhand,Urban,Matric/Secondary but below Graduate,394679,149821,244858,200942,106452,94490,129562,1654,127908,16289,6909,9380,20673,17650,3023,864,508,356,150,135,15,26199,16513,9686
B0515,5,0,State - Uttarakhand,Urban,Technical Diploma or Certificate not equal to Degree,8590,6129,2461,4973,3411,1562,530,35,495,308,245,63,1350,1278,72,31,31,0,3,3,0,1395,1126,269
B0515,5,0,State - Uttarakhand,Urban,Graduate and above other than Technical Degree,220835,54180,166655,50403,23095,27308,110102,1096,109006,8464,2681,5783,15042,12062,2980,490,289,201,95,80,15,36239,14877,21362
B0515,5,0,State - Uttarakhand,Urban,Technical Degree or Diploma equal to Degree or Post-Graduate Degree,32802,17062,15740,16360,10650,5710,6147,136,6011,937,444,493,2737,2135,602,60,51,9,7,6,1,6554,3640,2914
B0515,6,0,State - Haryana,Total,Total,16434954,6688098,9746856,7034772,3970281,3064491,4219694,112608,4107086,3688106,1859054,1829052,726885,367732,359153,11221,6393,4828,7971,5931,2040,746305,366099,380206
B0515,6,0,State - Haryana,Total,Illiterate,6473678,2392833,4080845,918469,503250,415219,1683351,45229,1638122,3295081,1658549,1636532,416765,129887,286878,3962,1547,2415,6043,4225,1818,150007,50146,99861
B0515,6,0,State - Haryana,Total,Literate,9961276,4295265,5666011,6116303,3467031,2649272,2536343,67379,2468964,393025,200505,192520,310120,237845,72275,7259,4846,2413,1928,1706,222,596298,315953,280345
B0515,6,0,State - Haryana,Total,Literate but below Matric/Secondary,6117931,2750643,3367288,4310135,2418934,1891201,1265459,33642,1231817,232300,119108,113192,114849,78313,36536,2970,1776,1194,1319,1198,121,190899,97672,93227
B0515,6,0,State - Haryana,Total,Matric/Secondary but below Graduate,2701822,1137821,1564001,1453471,842145,611326,826101,21759,804342,93095,49875,43220,104815,91582,13233,2783,2035,748,318,282,36,221239,130143,91096
B0515,6,0,State - Haryana,Total,Technical Diploma or Certificate not equal to Degree,101997,67222,34775,63280,46598,16682,9017,497,8520,2343,1520,823,15281,10201,5080,130,100,30,9,7,2,11937,8299,3638
B0515,6,0,State - Haryana,Total,Graduate and above other than Technical Degree,663267,200024,463243,174580,90020,84560,292955,6580,286375,26563,10589,15974,46760,39201,7559,973,702,271,62,47,15,121374,52885,68489
B0515,6,0,State - Haryana,Total,Technical Degree or Diploma equal to Degree or Post-Graduate Degree,156231,72662,83569,75971,46163,29808,34879,1012,33867,4257,2068,2189,11666,9371,2295,131,99,32,7,6,1,29320,13943,15377
B0515,6,0,State - Haryana,Rural,Total,10506247,4381792,6124455,4551886,2589249,1962637,2491800,68050,2423750,2502390,1272253,1230137,510840,241493,269347,3481,1927,1554,3633,2806,827,442217,206014,236203
B0515,6,0,State - Haryana,Rural,Illiterate,4527847,1648082,2879765,565743,310334,255409,1189562,30025,1159537,2310922,1162121,1148801,353005,112415,240590,1835,774,1061,2765,2008,757,104015,30405,73610
B0515,6,0,State - Haryana,Rural,Literate,5978400,2733710,3244690,3986143,2278915,1707228,1302238,38025,1264213,191468,110132,81336,157835,129078,28757,1646,1153,493,868,798,70,338202,175609,162593
B0515,6,0,State - Haryana,Rural,Literate but below Matric/Secondary,4071895,1861403,2210492,2937954,1648734,1289220,800924,22163,778761,129486,73093,56393,76193,57370,18823,930,588,342,651,601,50,125757,58854,66903
B0515,6,0,State - Haryana,Rural,Matric/Secondary but below Graduate,1495031,688710,806321,883972,526204,357768,384381,11566,372815,37674,23465,14209,54551,50804,3747,534,426,108,130,123,7,133789,76122,57667
B0515,6,0,State - Haryana,Rural,Technical Diploma or Certificate not equal to Degree,56619,41548,15071,41413,31378,10035,2406,234,2172,648,511,137,5174,4454,720,17,15,2,3,3,0,6958,4953,2005
B0515,6,0,State - Haryana,Rural,Graduate and above other than Technical Degree,189500,78949,110551,75066,42412,32654,51528,1632,49896,4400,2673,1727,8903,8464,439,87,79,8,17,16,1,49499,23673,25826
B0515,6,0,State - Haryana,Rural,Technical Degree or Diploma equal to Degree or Post-Graduate Degree,43834,24369,19465,25210,16739,8471,5508,200,5308,614,373,241,2069,1931,138,10,7,3,1,1,0,10422,5118,5304
B0515,6,0,State - Haryana,Urban,Total,5928707,2306306,3622401,2482886,1381032,1101854,1727894,44558,1683336,1185716,586801,598915,216045,126239,89806,7740,4466,3274,4338,3125,1213,304088,160085,144003
B0515,6,0,State - Haryana,Urban,Illiterate,1945831,744751,1201080,352726,192916,159810,493789,15204,478585,984159,496428,487731,63760,17472,46288,2127,773,1354,3278,2217,1061,45992,19741,26251
B0515,6,0,State - Haryana,Urban,Literate,3982876,1561555,2421321,2130160,1188116,942044,1234105,29354,1204751,201557,90373,111184,152285,108767,43518,5613,3693,1920,1060,908,152,258096,140344,117752
B0515,6,0,State - Haryana,Urban,Literate but below Matric/Secondary,2046036,889240,1156796,1372181,770200,601981,464535,11479,453056,102814,46015,56799,38656,20943,17713,2040,1188,852,668,597,71,65142,38818,26324
B0515,6,0,State - Haryana,Urban,Matric/Secondary but below Graduate,1206791,449111,757680,569499,315941,253558,441720,10193,431527,55421,26410,29011,50264,40778,9486,2249,1609,640,188,159,29,87450,54021,33429
B0515,6,0,State - Haryana,Urban,Technical Diploma or Certificate not equal to Degree,45378,25674,19704,21867,15220,6647,6611,263,6348,1695,1009,686,10107,5747,4360,113,85,28,6,4,2,4979,3346,1633
B0515,6,0,State - Haryana,Urban,Graduate and above other than Technical Degree,473767,121075,352692,99514,47608,51906,241427,4948,236479,22163,7916,14247,37857,30737,7120,886,623,263,45,31,14,71875,29212,42663
B0515,6,0,State - Haryana,Urban,Technical Degree or Diploma equal to Degree or Post-Graduate Degree,112397,48293,64104,50761,29424,21337,29371,812,28559,3643,1695,1948,9597,7440,2157,121,92,29,6,5,1,18898,8825,10073
B0515,7,0,State - NCT of Delhi,Total,Total,11200892,4225300,6975592,4693237,2559065,2134172,3372327,42062,3330265,2315322,1127290,1188032,283037,198410,84627,27255,16057,11198,2073,1271,802,507641,281145,226496
B0515,7,0,State - NCT of Delhi,Total,Illiterate,3362445,1279857,2082588,552220,298069,254151,835378,13568,821810,1863274,925578,937696,41692,13217,28475,6515,2110,4405,1533,882,651,61833,26433,35400
B0515,7,0,State - NCT of Delhi,Total,Literate,7838447,2945443,4893004,4141017,2260996,1880021,2536949,28494,2508455,452048,201712,250336,241345,185193,56152,20740,13947,6793,540,389,151,445808,254712,191096
B0515,7,0,State - NCT of Delhi,Total,Literate but below Matric/Secondary,4170149,1771482,2398667,2803007,1529832,1273175,931951,12423,919528,241988,106024,135964,43685,28314,15371,7387,4433,2954,329,243,86,141802,90213,51589
B0515,7,0,State - NCT of Delhi,Total,Matric/Secondary but below Graduate,2202087,772016,1430071,1006391,549979,456412,849495,8990,840505,122856,58159,64697,75059,61982,13077,8047,5858,2189,99,74,25,140140,86974,53166
B0515,7,0,State - NCT of Delhi,Total,Technical Diploma or Certificate not equal to Degree,39791,20435,19356,19612,11539,8073,6721,163,6558,1729,1008,721,6831,4851,1980,147,116,31,2,2,0,4749,2756,1993
B0515,7,0,State - NCT of Delhi,Total,Graduate and above other than Technical Degree,1043554,256916,786638,216797,110469,106328,570589,4597,565992,49216,19845,29371,87814,69503,18311,3740,2591,1149,36,20,16,115362,49891,65471
B0515,7,0,State - NCT of Delhi,Total,Technical Degree or Diploma equal to Degree or Post-Graduate Degree,135832,62952,72880,55480,36091,19389,37448,512,36936,4917,2482,2435,17411,13151,4260,373,287,86,8,5,3,20195,10424,9771
B0515,7,0,State - NCT of Delhi,Rural,Total,288815,114821,173994,122195,68754,53441,81375,1535,79840,61460,31344,30116,7290,4866,2424,238,162,76,19,13,6,16238,8147,8091
B0515,7,0,State - NCT of Delhi,Rural,Illiterate,100435,37593,62842,14310,7911,6399,26765,526,26239,54328,27670,26658,2489,764,1725,65,25,40,14,9,5,2464,688,1776
B0515,7,0,State - NCT of Delhi,Rural,Literate,188380,77228,111152,107885,60843,47042,54610,1009,53601,7132,3674,3458,4801,4102,699,173,137,36,5,4,1,13774,7459,6315
B0515,7,0,State - NCT of Delhi,Rural,Literate but below Matric/Secondary,113769,50133,63636,77887,43767,34120,25288,484,24804,4368,2174,2194,1535,1161,374,57,39,18,3,2,1,4631,2506,2125
B0515,7,0,State - NCT of Delhi,Rural,Matric/Secondary but below Graduate,55955,20837,35118,24481,13964,10517,21747,404,21343,1836,1025,811,2219,2027,192,83,68,15,0,0,0,5589,3349,2240
B0515,7,0,State - NCT of Delhi,Rural,Technical Diploma or Certificate not equal to Degree,1610,785,825,1005,563,442,194,5,189,30,18,12,83,54,29,1,1,0,0,0,0,297,144,153
B0515,7,0,State - NCT of Delhi,Rural,Graduate and above other than Technical Degree,11051,3546,7505,3117,1690,1427,4544,67,4477,339,184,155,671,617,54,25,23,2,0,0,0,2355,965,1390
B0515,7,0,State - NCT of Delhi,Rural,Technical Degree or Diploma equal to Degree or Post-Graduate Degree,1351,637,714,620,400,220,279,5,274,26,11,15,77,71,6,1,1,0,0,0,0,348,149,199
B0515,7,0,State - NCT of Delhi,Urban,Total,10912077,4110479,6801598,4571042,2490311,2080731,3290952,40527,3250425,2253862,1095946,1157916,275747,193544,82203,27017,15895,11122,2054,1258,796,491403,272998,218405
B0515,7,0,State - NCT of Delhi,Urban,Illiterate,3262010,1242264,2019746,537910,290158,247752,808613,13042,795571,1808946,897908,911038,39203,12453,26750,6450,2085,4365,1519,873,646,59369,25745,33624
B0515,7,0,State - NCT of Delhi,Urban,Literate,7650067,2868215,4781852,4033132,2200153,1832979,2482339,27485,2454854,444916,198038,246878,236544,181091,55453,20567,13810,6757,535,385,150,432034,247253,184781
B0515,7,0,State - NCT of Delhi,Urban,Literate but below Matric/Secondary,4056380,1721349,2335031,2725120,1486065,1239055,906663,11939,894724,237620,103850,133770,42150,27153,14997,7330,4394,2936,326,241,85,137171,87707,49464
B0515,7,0,State - NCT of Delhi,Urban,Matric/Secondary but below Graduate,2146132,751179,1394953,981910,536015,445895,827748,8586,819162,121020,57134,63886,72840,59955,12885,7964,5790,2174,99,74,25,134551,83625,50926
B0515,7,0,State - NCT of Delhi,Urban,Technical Diploma or Certificate not equal to Degree,38181,19650,18531,18607,10976,7631,6527,158,6369,1699,990,709,6748,4797,1951,146,115,31,2,2,0,4452,2612,1840
B0515,7,0,State - NCT of Delhi,Urban,Graduate and above other than Technical Degree,1032503,253370,779133,213680,108779,104901,566045,4530,561515,48877,19661,29216,87143,68886,18257,3715,2568,1147,36,20,16,113007,48926,64081
B0515,7,0,State - NCT of Delhi,Urban,Technical Degree or Diploma equal to Degree or Post-Graduate Degree,134481,62315,72166,54860,35691,19169,37169,507,36662,4891,2471,2420,17334,13080,4254,372,286,86,8,5,3,19847,10275,9572
B0515,8,0,State - Rajasthan,Total,Total,38662182,17253921,21408261,17398354,9929542,7468812,6565679,205460,6360219,12822217,6143975,6678242,445013,300825,144188,21573,11360,10213,22548,13307,9241,1386798,649452,737346
B0515,8,0,State - Rajasthan,Total,Illiterate,17592510,7082375,10510135,2232173,1188579,1043594,2960513,98704,2861809,11811405,5630092,6181313,138057,40194,97863,10628,4071,6557,19014,10300,8714,420720,110435,310285
B0515,8,0,State - Rajasthan,Total,Literate,21069672,10171546,10898126,15166181,8740963,6425218,3605166,106756,3498410,1010812,513883,496929,306956,260631,46325,10945,7289,3656,3534,3007,527,966078,539017,427061
B0515,8,0,State - Rajasthan,Total,Literate but below Matric/Secondary,15380866,7424819,7956047,11937063,6698563,5238500,2188900,71903,2116997,723470,361683,361787,97469,75405,22064,6035,3724,2311,2557,2227,330,425372,211314,214058
B0515,8,0,State - Rajasthan,Total,Matric/Secondary but below Graduate,3691202,1913424,1777778,2574895,1623773,951122,714036,15396,698640,98540,54395,44145,97477,89006,8471,2644,2015,629,313,272,41,203297,128567,74730
B0515,8,0,State - Rajasthan,Total,Technical Diploma or Certificate not equal to Degree,80141,60090,20051,56953,44108,12845,3561,278,3283,1248,940,308,7579,6556,1023,51,41,10,5,4,1,10744,8163,2581
B0515,8,0,State - Rajasthan,Total,Graduate and above other than Technical Degree,974548,374189,600359,309907,191105,118802,378816,6676,372140,32711,14912,17799,66473,58821,7652,1144,867,277,86,72,14,185411,101736,83675
B0515,8,0,State - Rajasthan,Total,Technical Degree or Diploma equal to Degree or Post-Graduate Degree,208970,118673,90297,93024,61750,31274,31992,1178,30814,4839,2716,2123,16816,14885,1931,126,108,18,13,9,4,62160,38027,24133
B0515,8,0,State - Rajasthan,Rural,Total,27115119,12866278,14248841,12627353,7305605,5321748,3219552,136170,3083382,10161159,4884454,5276705,214981,133039,81942,8819,4739,4080,14322,8251,6071,868933,394020,474913
B0515,8,0,State - Rajasthan,Rural,Illiterate,13401245,5587429,7813816,1593948,848435,745513,1812547,69789,1742758,9559144,4553152,5005992,101585,29873,71712,6083,2664,3419,12305,6481,5824,315633,77035,238598
B0515,8,0,State - Rajasthan,Rural,Literate,13713874,7278849,6435025,11033405,6457170,4576235,1407005,66381,1340624,602015,331302,270713,113396,103166,10230,2736,2075,661,2017,1770,247,553300,316985,236315
B0515,8,0,State - Rajasthan,Rural,Literate but below Matric/Secondary,10940890,5632296,5308594,9110974,5156107,3954867,1040397,49942,990455,457126,246259,210867,49900,43124,6776,1840,1335,505,1535,1380,155,279118,134149,144969
B0515,8,0,State - Rajasthan,Rural,Matric/Secondary but below Graduate,1953407,1198586,754821,1583196,1062489,520707,189191,6943,182248,34451,22532,11919,35283,34243,1040,473,419,54,143,129,14,110670,71831,38839
B0515,8,0,State - Rajasthan,Rural,Technical Diploma or Certificate not equal to Degree,45981,36389,9592,35733,28543,7190,885,128,757,433,345,88,2512,2408,104,5,3,2,3,3,0,6410,4959,1451
B0515,8,0,State - Rajasthan,Rural,Graduate and above other than Technical Degree,270075,165126,104949,132081,97379,34702,44990,1735,43255,6054,4057,1997,12290,11970,320,124,112,12,29,27,2,74507,49846,24661
B0515,8,0,State - Rajasthan,Rural,Technical Degree or Diploma equal to Degree or Post-Graduate Degree,77752,53497,24255,34856,26002,8854,5888,472,5416,1323,966,357,4146,4045,101,18,18,0,4,3,1,31517,21991,9526
B0515,8,0,State - Rajasthan,Urban,Total,11547063,4387643,7159420,4771001,2623937,2147064,3346127,69290,3276837,2661058,1259521,1401537,230032,167786,62246,12754,6621,6133,8226,5056,3170,517865,255432,262433
B0515,8,0,State - Rajasthan,Urban,Illiterate,4191265,1494946,2696319,638225,340144,298081,1147966,28915,1119051,2252261,1076940,1175321,36472,10321,26151,4545,1407,3138,6709,3819,2890,105087,33400,71687
B0515,8,0,State - Rajasthan,Urban,Literate,7355798,2892697,4463101,4132776,2283793,1848983,2198161,40375,2157786,408797,182581,226216,193560,157465,36095,8209,5214,2995,1517,1237,280,412778,222032,190746
B0515,8,0,State - Rajasthan,Urban,Literate but below Matric/Secondary,4439976,1792523,2647453,2826089,1542456,1283633,1148503,21961,1126542,266344,115424,150920,47569,32281,15288,4195,2389,1806,1022,847,175,146254,77165,69089
B0515,8,0,State - Rajasthan,Urban,Matric/Secondary but below Graduate,1737795,714838,1022957,991699,561284,430415,524845,8453,516392,64089,31863,32226,62194,54763,7431,2171,1596,575,170,143,27,92627,56736,35891
B0515,8,0,State - Rajasthan,Urban,Technical Diploma or Certificate not equal to Degree,34160,23701,10459,21220,15565,5655,2676,150,2526,815,595,220,5067,4148,919,46,38,8,2,1,1,4334,3204,1130
B0515,8,0,State - Rajasthan,Urban,Graduate and above other than Technical Degree,704473,209063,495410,177826,93726,84100,333826,4941,328885,26657,10855,15802,54183,46851,7332,1020,755,265,57,45,12,110904,51890,59014
B0515,8,0,State - Rajasthan,Urban,Technical Degree or Diploma equal to Degree or Post-Graduate Degree,131218,65176,66042,58168,35748,22420,26104,706,25398,3516,1750,1766,12670,10840,1830,108,90,18,9,6,3,30643,16036,14607
B0515,9,0,State - Uttar Pradesh,Total,Total,133997626,54633748,79363878,55658351,30116066,25542285,32747519,1493888,31253631,38616445,18857563,19758882,1224798,689504,535294,53352,27260,26092,57038,35945,21093,5640123,3413522,2226601
B0515,9,0,State - Uttar Pradesh,Total,Illiterate,61490935,21857025,39633910,7163062,3683636,3479426,17935996,653503,17282493,33981899,16551958,17429941,535702,150721,384981,25864,10289,15575,44575,25720,18855,1803837,781198,1022639
B0515,9,0,State - Uttar Pradesh,Total,Literate,72506691,32776723,39729968,48495289,26432430,22062859,14811523,840385,13971138,4634546,2305605,2328941,689096,538783,150313,27488,16971,10517,12463,10225,2238,3836286,2632324,1203962
B0515,9,0,State - Uttar Pradesh,Total,Literate but below Matric/Secondary,50589097,23383144,27205953,37444259,20173503,17270756,8308104,481705,7826399,2991500,1491929,1499571,209304,136322,72982,12235,6843,5392,8398,7059,1339,1615297,1085783,529514
B0515,9,0,State - Uttar Pradesh,Total,Matric/Secondary but below Graduate,14503211,6463832,8039379,8849253,4928726,3920527,3578864,193995,3384869,718311,345522,372789,240411,206155,34256,8209,5552,2657,1708,1412,296,1106455,782470,323985
B0515,9,0,State - Uttar Pradesh,Total,Technical Diploma or Certificate not equal to Degree,85039,69895,15144,58045,49325,8720,5120,891,4229,2853,2265,588,7367,7018,349,96,87,9,9,9,0,11549,10300,1249
B0515,9,0,State - Uttar Pradesh,Total,Graduate and above other than Technical Degree,3954080,1449367,2504713,1234359,717084,517275,1633945,67791,1566154,256981,105264,151717,152104,130301,21803,4028,2714,1314,507,384,123,672156,425829,246327
B0515,9,0,State - Uttar Pradesh,Total,Technical Degree or Diploma equal to Degree or Post-Graduate Degree,424218,253800,170418,208998,148538,60460,79325,5506,73819,19943,11408,8535,29745,26089,3656,412,325,87,51,36,15,85744,61898,23846
B0515,9,0,State - Uttar Pradesh,Rural,Total,103366298,42640116,60726182,43491276,23606185,19885091,24429004,1238275,23190729,30559199,15013107,15546092,821051,413653,407398,24592,12936,11656,39483,24521,14962,4001693,2331439,1670254
B0515,9,0,State - Uttar Pradesh,Rural,Illiterate,49583526,17416022,32167504,5460280,2793836,2666444,14721398,538582,14182816,27479607,13380284,14099323,467024,131566,335458,15318,6553,8765,31674,17915,13759,1408225,547286,860939
B0515,9,0,State - Uttar Pradesh,Rural,Literate,53782772,25224094,28558678,38030996,20812349,17218647,9707606,699693,9007913,3079592,1632823,1446769,354027,282087,71940,9274,6383,2891,7809,6606,1203,2593468,1784153,809315
B0515,9,0,State - Uttar Pradesh,Rural,Literate but below Matric/Secondary,40311330,18897284,21414046,30514794,16445099,14069695,6268361,419723,5848638,2144766,1114130,1030636,142431,98104,44327,5063,3235,1828,5586,4786,800,1230329,812207,418122
B0515,9,0,State - Uttar Pradesh,Rural,Matric/Secondary but below Graduate,9562588,4558166,5004422,6218015,3537681,2680334,2070921,158186,1912735,394437,215406,179031,125526,112613,12913,2328,1809,519,973,859,114,750388,531612,218776
B0515,9,0,State - Uttar Pradesh,Rural,Technical Diploma or Certificate not equal to Degree,46955,41641,5314,36466,33002,3464,1764,591,1173,1070,915,155,1730,1658,72,16,16,0,2,2,0,5907,5457,450
B0515,9,0,State - Uttar Pradesh,Rural,Graduate and above other than Technical Degree,1691714,795788,895926,665425,427169,238256,548407,45926,502481,90395,49329,41066,44806,41364,3442,812,650,162,192,172,20,341677,231178,110499
B0515,9,0,State - Uttar Pradesh,Rural,Technical Degree or Diploma equal to Degree or Post-Graduate Degree,149951,108363,41588,79888,63901,15987,19034,3125,15909,5537,4121,1416,10321,9655,666,99,87,12,18,17,1,35054,27457,7597
B0515,9,0,State - Uttar Pradesh,Urban,Total,30631328,11993632,18637696,12167075,6509881,5657194,8318515,255613,8062902,8057246,3844456,4212790,403747,275851,127896,28760,14324,14436,17555,11424,6131,1638430,1082083,556347
B0515,9,0,State - Uttar Pradesh,Urban,Illiterate,11907409,4441003,7466406,1702782,889800,812982,3214598,114921,3099677,6502292,3171674,3330618,68678,19155,49523,10546,3736,6810,12901,7805,5096,395612,233912,161700
B0515,9,0,State - Uttar Pradesh,Urban,Literate,18723919,7552629,11171290,10464293,5620081,4844212,5103917,140692,4963225,1554954,672782,882172,335069,256696,78373,18214,10588,7626,4654,3619,1035,1242818,848171,394647
B0515,9,0,State - Uttar Pradesh,Urban,Literate but below Matric/Secondary,10277767,4485860,5791907,6929465,3728404,3201061,2039743,61982,1977761,846734,377799,468935,66873,38218,28655,7172,3608,3564,2812,2273,539,384968,273576,111392
B0515,9,0,State - Uttar Pradesh,Urban,Matric/Secondary but below Graduate,4940623,1905666,3034957,2631238,1391045,1240193,1507943,35809,1472134,323874,130116,193758,114885,93542,21343,5881,3743,2138,735,553,182,356067,250858,105209
B0515,9,0,State - Uttar Pradesh,Urban,Technical Diploma or Certificate not equal to Degree,38084,28254,9830,21579,16323,5256,3356,300,3056,1783,1350,433,5637,5360,277,80,71,9,7,7,0,5642,4843,799
B0515,9,0,State - Uttar Pradesh,Urban,Graduate and above other than Technical Degree,2262366,653579,1608787,568934,289915,279019,1085538,21865,1063673,166586,55935,110651,107298,88937,18361,3216,2064,1152,315,212,103,330479,194651,135828
B0515,9,0,State - Uttar Pradesh,Urban,Technical Degree or Diploma equal to Degree or Post-Graduate Degree,274267,145437,128830,129110,84637,44473,60291,2381,57910,14406,7287,7119,19424,16434,2990,313,238,75,33,19,14,50690,34441,16249
B0515,10,0,State - Bihar,Total,Total,69374465,29055968,40318497,27366675,15020415,12346260,14538616,603442,13935174,23890793,11572828,12317965,497522,312769,184753,27741,14320,13421,25857,12583,13274,3027261,1519611,1507650
B0515,10,0,State - Bihar,Total,Illiterate,35779912,13345117,22434795,3974986,2026182,1948804,8571959,327576,8244383,21846603,10522461,11324142,177616,49452,128164,13477,5179,8298,22269,9848,12421,1173002,404419,768583
B0515,10,0,State - Bihar,Total,Literate,33594553,15710851,17883702,23391689,12994233,10397456,5966657,275866,5690791,2044190,1050367,993823,319906,263317,56589,14264,9141,5123,3588,2735,853,1854259,1115192,739067
B0515,10,0,State - Bihar,Total,Literate but below Matric/Secondary,24928665,11684296,13244369,19271276,10390994,8880282,3493366,151935,3341431,1283761,648796,634965,94394,64488,29906,5906,3017,2889,2184,1728,456,777778,423338,354440
B0515,10,0,State - Bihar,Total,Matric/Secondary but below Graduate,5853059,2756073,3096986,3261882,2041843,1220039,1531249,68179,1463070,319019,163519,155500,123038,109412,13626,4510,3273,1237,443,370,73,612918,369477,243441
B0515,10,0,State - Bihar,Total,Technical Diploma or Certificate not equal to Degree,17767,14439,3328,11728,10138,1590,1373,171,1202,662,525,137,1081,1049,32,23,21,2,1,1,0,2899,2534,365
B0515,10,0,State - Bihar,Total,Graduate and above other than Technical Degree,1071449,563409,508040,376639,262352,114287,303819,17258,286561,66709,39266,27443,70865,65718,5147,2237,1879,358,95,78,17,251085,176858,74227
B0515,10,0,State - Bihar,Total,Technical Degree or Diploma equal to Degree or Post-Graduate Degree,112005,80391,31614,59351,47201,12150,13234,1177,12057,4461,3117,1344,9492,8831,661,184,155,29,16,11,5,25267,19899,5368
B0515,10,0,State - Bihar,Rural,Total,60981669,25637165,35344504,23839012,13110032,10728980,12517451,542718,11974733,21685820,10517983,11167837,378909,226082,152827,16025,8183,7842,22543,10795,11748,2521909,1221372,1300537
B0515,10,0,State - Bihar,Rural,Illiterate,32566169,12114988,20451181,3518864,1790137,1728727,7819306,301806,7517500,19976383,9613337,10363046,160755,44749,116006,10175,4174,6001,19454,8428,11026,1061232,352357,708875
B0515,10,0,State - Bihar,Rural,Literate,28415500,13522177,14893323,20320148,11319895,9000253,4698145,240912,4457233,1709437,904646,804791,218154,181333,36821,5850,4009,1841,3089,2367,722,1460677,869015,591662
B0515,10,0,State - Bihar,Rural,Literate but below Matric/Secondary,21945726,10406394,11539332,17165788,9276819,7888969,2927200,137612,2789588,1103264,573613,529651,74770,53308,21462,2734,1640,1094,1945,1552,393,670025,361850,308175
B0515,10,0,State - Bihar,Rural,Matric/Secondary but below Graduate,4434174,2182774,2251400,2526024,1625763,900261,1099337,57691,1041646,241517,130429,111088,86871,79000,7871,1630,1282,348,331,283,48,478464,288326,190138
B0515,10,0,State - Bihar,Rural,Technical Diploma or Certificate not equal to Degree,11837,9901,1936,8057,7273,784,956,122,834,443,353,90,501,482,19,9,8,1,0,0,0,1871,1663,208
B0515,10,0,State - Bihar,Rural,Graduate and above other than Technical Degree,593324,352002,241322,233154,175065,58089,141835,11853,129982,36749,24037,12712,36940,35085,1855,579,514,65,53,49,4,144014,105399,38615
B0515,10,0,State - Bihar,Rural,Technical Degree or Diploma equal to Degree or Post-Graduate Degree,50512,38982,11530,27354,23505,3849,5506,675,4831,2120,1587,533,3481,3350,131,53,48,5,5,4,1,11993,9813,2180
B0515,10,0,State - Bihar,Urban,Total,8392796,3418803,4973993,3527663,1910383,1617280,2021165,60724,1960441,2204973,1054845,1150128,118613,86687,31926,11716,6137,5579,3314,1788,1526,505352,298239,207113
B0515,10,0,State - Bihar,Urban,Illiterate,3213743,1230129,1983614,456122,236045,220077,752653,25770,726883,1870220,909124,961096,16861,4703,12158,3302,1005,2297,2815,1420,1395,111770,52062,59708
B0515,10,0,State - Bihar,Urban,Literate,5179053,2188674,2990379,3071541,1674338,1397203,1268512,34954,1233558,334753,145721,189032,101752,81984,19768,8414,5132,3282,499,368,131,393582,246177,147405
B0515,10,0,State - Bihar,Urban,Literate but below Matric/Secondary,2982939,1277902,1705037,2105488,1114175,991313,566166,14323,551843,180497,75183,105314,19624,11180,8444,3172,1377,1795,239,176,63,107753,61488,46265
B0515,10,0,State - Bihar,Urban,Matric/Secondary but below Graduate,1418885,573299,845586,735858,416080,319778,431912,10488,421424,77502,33090,44412,36167,30412,5755,2880,1991,889,112,87,25,134454,81151,53303
B0515,10,0,State - Bihar,Urban,Technical Diploma or Certificate not equal to Degree,5930,4538,1392,3671,2865,806,417,49,368,219,172,47,580,567,13,14,13,1,1,1,0,1028,871,157
B0515,10,0,State - Bihar,Urban,Graduate and above other than Technical Degree,478125,211407,266718,143485,87287,56198,161984,5405,156579,29960,15229,14731,33925,30633,3292,1658,1365,293,42,29,13,107071,71459,35612
B0515,10,0,State - Bihar,Urban,Technical Degree or Diploma equal to Degree or Post-Graduate Degree,61493,41409,20084,31997,23696,8301,7728,502,7226,2341,1530,811,6011,5481,530,131,107,24,11,7,4,13274,10086,3188
B0515,11,0,State - Sikkim,Total,Total,302439,128712,173727,172320,86581,85739,50064,2848,47216,58129,27740,30389,4410,2860,1550,550,330,220,60,39,21,16906,8314,8592
B0515,11,0,State - Sikkim,Total,Illiterate,101337,42365,58972,32417,16532,15885,15760,863,14897,49290,23206,26084,1477,572,905,135,51,84,30,16,14,2228,1125,1103
B0515,11,0,State - Sikkim,Total,Literate,201102,86347,114755,139903,70049,69854,34304,1985,32319,8839,4534,4305,2933,2288,645,415,279,136,30,23,7,14678,7189,7489
B0515,11,0,State - Sikkim,Total,Literate but below Matric/Secondary,150129,65705,84424,112108,56160,55948,23294,1436,21858,6163,3253,2910,1478,1189,289,212,144,68,18,14,4,6856,3509,3347
B0515,11,0,State - Sikkim,Total,Matric/Secondary but below Graduate,34656,13793,20863,21753,10574,11179,6981,320,6661,1173,526,647,777,586,191,104,67,37,6,3,3,3862,1717,2145
B0515,11,0,State - Sikkim,Total,Technical Diploma or Certificate not equal to Degree,446,268,178,319,195,124,23,2,21,14,8,6,25,22,3,1,1,0,0,0,0,64,40,24
B0515,11,0,State - Sikkim,Total,Graduate and above other than Technical Degree,8518,3164,5354,2976,1313,1663,1847,83,1764,422,175,247,343,259,84,57,41,16,1,1,0,2872,1292,1580
B0515,11,0,State - Sikkim,Total,Technical Degree or Diploma equal to Degree or Post-Graduate Degree,1067,590,477,552,326,226,127,9,118,33,14,19,92,81,11,8,6,2,0,0,0,255,154,101
B0515,11,0,State - Sikkim,Rural,Total,213214,94611,118603,127019,63991,63028,28384,1972,26412,44334,21496,22838,2649,1657,992,141,91,50,15,13,2,10672,5391,5281
B0515,11,0,State - Sikkim,Rural,Illiterate,77265,32988,44277,24413,12379,12034,10754,646,10108,39166,18581,20585,1203,467,736,30,14,16,7,6,1,1692,895,797
B0515,11,0,State - Sikkim,Rural,Literate,135949,61623,74326,102606,51612,50994,17630,1326,16304,5168,2915,2253,1446,1190,256,111,77,34,8,7,1,8980,4496,4484
B0515,11,0,State - Sikkim,Rural,Literate but below Matric/Secondary,108233,49317,58916,85530,42876,42654,13252,992,12260,3815,2202,1613,882,737,145,65,50,15,4,3,1,4685,2457,2228
B0515,11,0,State - Sikkim,Rural,Matric/Secondary but below Graduate,18905,8172,10733,13262,6509,6753,2646,187,2459,445,218,227,327,277,50,21,14,7,1,1,0,2203,966,1237
B0515,11,0,State - Sikkim,Rural,Technical Diploma or Certificate not equal to Degree,235,133,102,179,108,71,14,0,14,3,2,1,8,6,2,0,0,0,0,0,0,31,17,14
B0515,11,0,State - Sikkim,Rural,Graduate and above other than Technical Degree,3742,1514,2228,1519,694,825,584,46,538,140,65,75,66,55,11,6,3,3,1,1,0,1426,650,776
B0515,11,0,State - Sikkim,Rural,Technical Degree or Diploma equal to Degree or Post-Graduate Degree,397,220,177,224,129,95,40,6,34,9,7,2,15,14,1,1,1,0,0,0,0,108,63,45
B0515,11,0,State - Sikkim,Urban,Total,89225,34101,55124,45301,22590,22711,21680,876,20804,13795,6244,7551,1761,1203,558,409,239,170,45,26,19,6234,2923,3311
B0515,11,0,State - Sikkim,Urban,Illiterate,24072,9377,14695,8004,4153,3851,5006,217,4789,10124,4625,5499,274,105,169,105,37,68,23,10,13,536,230,306
B0515,11,0,State - Sikkim,Urban,Literate,65153,24724,40429,37297,18437,18860,16674,659,16015,3671,1619,2052,1487,1098,389,304,202,102,22,16,6,5698,2693,3005
B0515,11,0,State - Sikkim,Urban,Literate but below Matric/Secondary,41896,16388,25508,26578,13284,13294,10042,444,9598,2348,1051,1297,596,452,144,147,94,53,14,11,3,2171,1052,1119
B0515,11,0,State - Sikkim,Urban,Matric/Secondary but below Graduate,15751,5621,10130,8491,4065,4426,4335,133,4202,728,308,420,450,309,141,83,53,30,5,2,3,1659,751,908
B0515,11,0,State - Sikkim,Urban,Technical Diploma or Certificate not equal to Degree,211,135,76,140,87,53,9,2,7,11,6,5,17,16,1,1,1,0,0,0,0,33,23,10
B0515,11,0,State - Sikkim,Urban,Graduate and above other than Technical Degree,4776,1650,3126,1457,619,838,1263,37,1226,282,110,172,277,204,73,51,38,13,0,0,0,1446,642,804
B0515,11,0,State - Sikkim,Urban,Technical Degree or Diploma equal to Degree or Post-Graduate Degree,670,370,300,328,197,131,87,3,84,24,7,17,77,67,10,7,5,2,0,0,0,147,91,56
B0515,12,0,State - Arunachal Pradesh,Total,Total,796070,363639,432431,425392,220555,204837,84604,5378,79226,241746,115625,126121,3269,2043,1226,577,329,248,92,47,45,40390,19662,20728
B0515,12,0,State - Arunachal Pradesh,Total,Illiterate,355609,154419,201190,72747,36460,36287,41374,3267,38107,227424,108820,118604,1621,753,868,339,156,183,61,28,33,12043,4935,7108
B0515,12,0,State - Arunachal Pradesh,Total,Literate,440461,209220,231241,352645,184095,168550,43230,2111,41119,14322,6805,7517,1648,1290,358,238,173,65,31,19,12,28347,14727,13620
B0515,12,0,State - Arunachal Pradesh,Total,Literate but below Matric/Secondary,322414,153529,168885,273991,141562,132429,26442,1272,25170,9160,4437,4723,985,764,221,130,84,46,20,13,7,11686,5397,6289
B0515,12,0,State - Arunachal Pradesh,Total,Matric/Secondary but below Graduate,92214,43255,48959,67807,36199,31608,11844,498,11346,2325,950,1375,380,292,88,66,53,13,6,4,2,9786,5259,4527
B0515,12,0,State - Arunachal Pradesh,Total,Technical Diploma or Certificate not equal to Degree,1231,855,376,888,644,244,55,8,47,25,16,9,6,6,0,0,0,0,0,0,0,257,181,76
B0515,12,0,State - Arunachal Pradesh,Total,Graduate and above other than Technical Degree,13537,6230,7307,5723,3144,2579,2475,125,2350,600,263,337,158,140,18,21,18,3,2,1,1,4558,2539,2019
B0515,12,0,State - Arunachal Pradesh,Total,Technical Degree or Diploma equal to Degree or Post-Graduate Degree,1981,1225,756,1151,749,402,127,8,119,69,43,26,28,25,3,4,4,0,0,0,0,602,396,206
B0515,12,0,State - Arunachal Pradesh,Rural,Total,596043,281221,314822,313095,163893,149202,50142,4300,45842,203533,97833,105700,2079,1262,817,344,191,153,73,38,35,26777,13704,13073
B0515,12,0,State - Arunachal Pradesh,Rural,Illiterate,288520,128399,160121,55947,28250,27697,28549,2765,25784,193544,92750,100794,1185,527,658,257,128,129,51,24,27,8987,3955,5032
B0515,12,0,State - Arunachal Pradesh,Rural,Literate,307523,152822,154701,257148,135643,121505,21593,1535,20058,9989,5083,4906,894,735,159,87,63,24,22,14,8,17790,9749,8041
B0515,12,0,State - Arunachal Pradesh,Rural,Literate but below Matric/Secondary,236958,116940,120018,207935,108279,99656,14007,966,13041,6608,3426,3182,568,464,104,55,36,19,18,12,6,7767,3757,4010
B0515,12,0,State - Arunachal Pradesh,Rural,Matric/Secondary but below Graduate,55242,27964,27278,42535,23366,19169,5055,341,4714,1352,582,770,176,143,33,18,17,1,1,1,0,6105,3514,2591
B0515,12,0,State - Arunachal Pradesh,Rural,Technical Diploma or Certificate not equal to Degree,611,432,179,428,309,119,28,5,23,15,12,3,1,1,0,0,0,0,0,0,0,139,105,34
B0515,12,0,State - Arunachal Pradesh,Rural,Graduate and above other than Technical Degree,7221,3674,3547,3342,1925,1417,1000,74,926,320,132,188,68,60,8,7,6,1,1,1,0,2483,1476,1007
B0515,12,0,State - Arunachal Pradesh,Rural,Technical Degree or Diploma equal to Degree or Post-Graduate Degree,963,620,343,568,388,180,55,6,49,37,24,13,15,14,1,0,0,0,0,0,0,288,188,100
B0515,12,0,State - Arunachal Pradesh,Urban,Total,200027,82418,117609,112297,56662,55635,34462,1078,33384,38213,17792,20421,1190,781,409,233,138,95,19,9,10,13613,5958,7655
B0515,12,0,State - Arunachal Pradesh,Urban,Illiterate,67089,26020,41069,16800,8210,8590,12825,502,12323,33880,16070,17810,436,226,210,82,28,54,10,4,6,3056,980,2076
B0515,12,0,State - Arunachal Pradesh,Urban,Literate,132938,56398,76540,95497,48452,47045,21637,576,21061,4333,1722,2611,754,555,199,151,110,41,9,5,4,10557,4978,5579
B0515,12,0,State - Arunachal Pradesh,Urban,Literate but below Matric/Secondary,85456,36589,48867,66056,33283,32773,12435,306,12129,2552,1011,1541,417,300,117,75,48,27,2,1,1,3919,1640,2279
B0515,12,0,State - Arunachal Pradesh,Urban,Matric/Secondary but below Graduate,36972,15291,21681,25272,12833,12439,6789,157,6632,973,368,605,204,149,55,48,36,12,5,3,2,3681,1745,1936
B0515,12,0,State - Arunachal Pradesh,Urban,Technical Diploma or Certificate not equal to Degree,620,423,197,460,335,125,27,3,24,10,4,6,5,5,0,0,0,0,0,0,0,118,76,42
B0515,12,0,State - Arunachal Pradesh,Urban,Graduate and above other than Technical Degree,6316,2556,3760,2381,1219,1162,1475,51,1424,280,131,149,90,80,10,14,12,2,1,0,1,2075,1063,1012
B0515,12,0,State - Arunachal Pradesh,Urban,Technical Degree or Diploma equal to Degree or Post-Graduate Degree,1018,605,413,583,361,222,72,2,70,32,19,13,13,11,2,4,4,0,0,0,0,314,208,106
B0515,13,0,State - Nagaland,Total,Total,1004380,477292,527088,554259,286779,267480,97799,7148,90651,278527,140829,137698,13517,9642,3875,1227,640,587,98,51,47,58953,32203,26750
B0515,13,0,State - Nagaland,Total,Illiterate,394079,190659,203420,112134,57549,54585,24335,2634,21701,249417,125994,123423,1729,885,844,411,155,256,85,44,41,5968,3398,2570
B0515,13,0,State - Nagaland,Total,Literate,610301,286633,323668,442125,229230,212895,73464,4514,68950,29110,14835,14275,11788,8757,3031,816,485,331,13,7,6,52985,28805,24180
B0515,13,0,State - Nagaland,Total,Literate but below Matric/Secondary,434470,206844,227626,343159,178376,164783,45346,2974,42372,18513,9276,9237,6870,5111,1759,458,235,223,9,5,4,20115,10867,9248
B0515,13,0,State - Nagaland,Total,Matric/Secondary but below Graduate,122142,54663,67479,80595,40927,39668,17787,873,16914,4627,2286,2341,2934,2085,849,213,147,66,2,1,1,15984,8344,7640
B0515,13,0,State - Nagaland,Total,Technical Diploma or Certificate not equal to Degree,1603,1013,590,877,577,300,121,23,98,55,33,22,97,84,13,5,5,0,0,0,0,448,291,157
B0515,13,0,State - Nagaland,Total,Graduate and above other than Technical Degree,27303,12566,14737,10208,5091,5117,3735,191,3544,1338,675,663,932,791,141,76,59,17,1,0,1,11013,5759,5254
B0515,13,0,State - Nagaland,Total,Technical Degree or Diploma equal to Degree or Post-Graduate Degree,2140,1234,906,905,532,373,168,12,156,67,50,17,174,148,26,6,6,0,0,0,0,820,486,334
B0515,13,0,State - Nagaland,Rural,Total,647176,321560,325616,352661,183782,168879,41030,4330,36700,215823,110284,105539,6199,4621,1578,415,221,194,44,23,21,31004,18299,12705
B0515,13,0,State - Nagaland,Rural,Illiterate,292856,145513,147343,77509,40023,37486,12619,1854,10765,197911,100645,97266,910,481,429,206,90,116,41,22,19,3660,2398,1262
B0515,13,0,State - Nagaland,Rural,Literate,354320,176047,178273,275152,143759,131393,28411,2476,25935,17912,9639,8273,5289,4140,1149,209,131,78,3,1,2,27344,15901,11443
B0515,13,0,State - Nagaland,Rural,Literate but below Matric/Secondary,272372,135998,136374,227191,118835,108356,18775,1674,17101,11848,6267,5581,3420,2673,747,128,69,59,3,1,2,11007,6479,4528
B0515,13,0,State - Nagaland,Rural,Matric/Secondary but below Graduate,57034,27479,29555,39171,20075,19096,5639,445,5194,2375,1258,1117,1138,883,255,42,35,7,0,0,0,8669,4783,3886
B0515,13,0,State - Nagaland,Rural,Technical Diploma or Certificate not equal to Degree,580,367,213,318,206,112,32,10,22,21,13,8,30,23,7,1,1,0,0,0,0,178,114,64
B0515,13,0,State - Nagaland,Rural,Graduate and above other than Technical Degree,10701,5312,5389,4111,2118,1993,1094,81,1013,511,279,232,300,260,40,18,13,5,0,0,0,4667,2561,2106
B0515,13,0,State - Nagaland,Rural,Technical Degree or Diploma equal to Degree or Post-Graduate Degree,679,407,272,262,159,103,51,3,48,24,19,5,49,44,5,0,0,0,0,0,0,293,182,111
B0515,13,0,State - Nagaland,Urban,Total,357204,155732,201472,201598,102997,98601,56769,2818,53951,62704,30545,32159,7318,5021,2297,812,419,393,54,28,26,27949,13904,14045
B0515,13,0,State - Nagaland,Urban,Illiterate,101223,45146,56077,34625,17526,17099,11716,780,10936,51506,25349,26157,819,404,415,205,65,140,44,22,22,2308,1000,1308
B0515,13,0,State - Nagaland,Urban,Literate,255981,110586,145395,166973,85471,81502,45053,2038,43015,11198,5196,6002,6499,4617,1882,607,354,253,10,6,4,25641,12904,12737
B0515,13,0,State - Nagaland,Urban,Literate but below Matric/Secondary,162098,70846,91252,115968,59541,56427,26571,1300,25271,6665,3009,3656,3450,2438,1012,330,166,164,6,4,2,9108,4388,4720
B0515,13,0,State - Nagaland,Urban,Matric/Secondary but below Graduate,65108,27184,37924,41424,20852,20572,12148,428,11720,2252,1028,1224,1796,1202,594,171,112,59,2,1,1,7315,3561,3754
B0515,13,0,State - Nagaland,Urban,Technical Diploma or Certificate not equal to Degree,1023,646,377,559,371,188,89,13,76,34,20,14,67,61,6,4,4,0,0,0,0,270,177,93
B0515,13,0,State - Nagaland,Urban,Graduate and above other than Technical Degree,16602,7254,9348,6097,2973,3124,2641,110,2531,827,396,431,632,531,101,58,46,12,1,0,1,6346,3198,3148
B0515,13,0,State - Nagaland,Urban,Technical Degree or Diploma equal to Degree or Post-Graduate Degree,1461,827,634,643,373,270,117,9,108,43,31,12,125,104,21,6,6,0,0,0,0,527,304,223
B0515,14,0,State - Manipur,Total,Total,1551184,699178,852006,822519,429197,393322,207717,13458,194259,380235,184114,196121,21528,14959,6569,1649,949,700,239,108,131,117297,56393,60904
B0515,14,0,State - Manipur,Total,Illiterate,593966,258821,335145,161101,82470,78631,73518,4887,68631,336318,162661,173657,3994,1063,2931,597,227,370,171,76,95,18267,7437,10830
B0515,14,0,State - Manipur,Total,Literate,957218,440357,516861,661418,346727,314691,134199,8571,125628,43917,21453,22464,17534,13896,3638,1052,722,330,68,32,36,99030,48956,50074
B0515,14,0,State - Manipur,Total,Literate but below Matric/Secondary,602072,282696,319376,479287,248286,231001,64229,4277,59952,23578,11855,11723,5920,4555,1365,383,249,134,46,19,27,28629,13455,15174
B0515,14,0,State - Manipur,Total,Matric/Secondary but below Graduate,247813,111060,136753,152192,81713,70479,42935,2459,40476,9505,4396,5109,5354,4344,1010,328,221,107,4,3,1,37495,17924,19571
B0515,14,0,State - Manipur,Total,Technical Diploma or Certificate not equal to Degree,3193,1222,1971,1421,627,794,356,17,339,100,35,65,158,131,27,5,3,2,0,0,0,1153,409,744
B0515,14,0,State - Manipur,Total,Graduate and above other than Technical Degree,65735,28883,36852,18301,10448,7853,15845,876,14969,3830,1767,2063,4676,3762,914,255,196,59,8,7,1,22820,11827,10993
B0515,14,0,State - Manipur,Total,Technical Degree or Diploma equal to Degree or Post-Graduate Degree,6554,3522,3032,2659,1451,1208,517,40,477,252,134,118,508,421,87,13,9,4,1,0,1,2604,1467,1137
B0515,14,0,State - Manipur,Rural,Total,1062479,492799,569680,586341,308266,278075,125848,9281,116567,270724,133440,137284,9533,6799,2734,620,349,271,145,56,89,69268,34608,34660
B0515,14,0,State - Manipur,Rural,Illiterate,434350,193929,240421,122258,62832,59426,50275,3750,46525,245500,120352,125148,2212,712,1500,323,137,186,99,37,62,13683,6109,7574
B0515,14,0,State - Manipur,Rural,Literate,628129,298870,329259,464083,245434,218649,75573,5531,70042,25224,13088,12136,7321,6087,1234,297,212,85,46,19,27,55585,28499,27086
B0515,14,0,State - Manipur,Rural,Literate but below Matric/Secondary,424419,202856,221563,344838,179808,165030,41449,3008,38441,15248,7912,7336,3421,2763,658,137,93,44,34,13,21,19292,9259,10033
B0515,14,0,State - Manipur,Rural,Matric/Secondary but below Graduate,149773,70691,79082,101134,55027,46107,21333,1432,19901,4374,2157,2217,2053,1757,296,82,61,21,3,2,1,20794,10255,10539
B0515,14,0,State - Manipur,Rural,Technical Diploma or Certificate not equal to Degree,1291,487,804,648,297,351,149,10,139,23,7,16,27,18,9,0,0,0,0,0,0,444,155,289
B0515,14,0,State - Manipur,Rural,Graduate and above other than Technical Degree,29270,14487,14783,11016,6661,4355,5711,374,5337,1153,676,477,1281,1122,159,40,33,7,2,2,0,10067,5619,4448
B0515,14,0,State - Manipur,Rural,Technical Degree or Diploma equal to Degree or Post-Graduate Degree,1957,1083,874,856,489,367,169,9,160,49,27,22,77,64,13,2,0,2,0,0,0,804,494,310
B0515,14,0,State - Manipur,Urban,Total,488705,206379,282326,236178,120931,115247,81869,4177,77692,109511,50674,58837,11995,8160,3835,1029,600,429,94,52,42,48029,21785,26244
B0515,14,0,State - Manipur,Urban,Illiterate,159616,64892,94724,38843,19638,19205,23243,1137,22106,90818,42309,48509,1782,351,1431,274,90,184,72,39,33,4584,1328,3256
B0515,14,0,State - Manipur,Urban,Literate,329089,141487,187602,197335,101293,96042,58626,3040,55586,18693,8365,10328,10213,7809,2404,755,510,245,22,13,9,43445,20457,22988
B0515,14,0,State - Manipur,Urban,Literate but below Matric/Secondary,177653,79840,97813,134449,68478,65971,22780,1269,21511,8330,3943,4387,2499,1792,707,246,156,90,12,6,6,9337,4196,5141
B0515,14,0,State - Manipur,Urban,Matric/Secondary but below Graduate,98040,40369,57671,51058,26686,24372,21602,1027,20575,5131,2239,2892,3301,2587,714,246,160,86,1,1,0,16701,7669,9032
B0515,14,0,State - Manipur,Urban,Technical Diploma or Certificate not equal to Degree,1902,735,1167,773,330,443,207,7,200,77,28,49,131,113,18,5,3,2,0,0,0,709,254,455
B0515,14,0,State - Manipur,Urban,Graduate and above other than Technical Degree,36465,14396,22069,7285,3787,3498,10134,502,9632,2677,1091,1586,3395,2640,755,215,163,52,6,5,1,12753,6208,6545
B0515,14,0,State - Manipur,Urban,Technical Degree or Diploma equal to Degree or Post-Graduate Degree,4597,2439,2158,1803,962,841,348,31,317,203,107,96,431,357,74,11,9,2,1,0,1,1800,973,827
B0515,15,0,State - Mizoram,Total,Total,610501,264599,345902,306016,157084,148932,98954,5729,93225,165346,81653,83693,8628,5720,2908,1107,500,607,44,30,14,30406,13883,16523
B0515,15,0,State - Mizoram,Total,Illiterate,203138,95875,107263,44163,22351,21812,11776,801,10975,145172,71905,73267,398,126,272,146,56,90,21,14,7,1462,622,840
B0515,15,0,State - Mizoram,Total,Literate,407363,168724,238639,261853,134733,127120,87178,4928,82250,20174,9748,10426,8230,5594,2636,961,444,517,23,16,7,28944,13261,15683
B0515,15,0,State - Mizoram,Total,Literate but below Matric/Secondary,310801,129138,181663,205650,106641,99009,67519,3778,63741,16367,7829,8538,5574,3629,1945,718,310,408,18,14,4,14955,6937,8018
B0515,15,0,State - Mizoram,Total,Matric/Secondary but below Graduate,78139,31974,46165,50194,25049,25145,15177,850,14327,2154,1131,1023,1445,982,463,163,90,73,3,1,2,9003,3871,5132
B0515,15,0,State - Mizoram,Total,Technical Diploma or Certificate not equal to Degree,484,204,280,253,102,151,52,5,47,8,4,4,68,46,22,1,1,0,0,0,0,102,46,56
B0515,15,0,State - Mizoram,Total,Graduate and above other than Technical Degree,10914,4679,6235,3973,1938,2035,2134,171,1963,338,211,127,681,578,103,49,33,16,1,0,1,3738,1748,1990
B0515,15,0,State - Mizoram,Total,Technical Degree or Diploma equal to Degree or Post-Graduate Degree,1559,970,589,679,430,249,130,15,115,19,14,5,270,248,22,4,2,2,0,0,0,457,261,196
B0515,15,0,State - Mizoram,Rural,Total,273053,124044,149009,132831,70178,62653,35376,2026,33350,96299,47308,48991,1652,1105,547,145,72,73,28,21,7,6722,3334,3388
B0515,15,0,State - Mizoram,Rural,Illiterate,120864,55507,65357,21635,11057,10578,9570,592,8978,88283,43326,44957,236,74,162,89,37,52,17,12,5,1034,409,625
B0515,15,0,State - Mizoram,Rural,Literate,152189,68537,83652,111196,59121,52075,25806,1434,24372,8016,3982,4034,1416,1031,385,56,35,21,11,9,2,5688,2925,2763
B0515,15,0,State - Mizoram,Rural,Literate but below Matric/Secondary,132525,59605,72920,98550,52300,46250,22445,1262,21183,6876,3389,3487,1133,798,335,52,32,20,10,9,1,3459,1815,1644
B0515,15,0,State - Mizoram,Rural,Matric/Secondary but below Graduate,15609,7239,8370,11385,6138,5247,2210,107,2103,435,237,198,153,126,27,1,1,0,1,0,1,1424,630,794
B0515,15,0,State - Mizoram,Rural,Technical Diploma or Certificate not equal to Degree,53,27,26,23,12,11,11,1,10,1,1,0,4,3,1,0,0,0,0,0,0,14,10,4
B0515,15,0,State - Mizoram,Rural,Graduate and above other than Technical Degree,1466,732,734,619,352,267,246,26,220,48,31,17,35,33,2,0,0,0,0,0,0,518,290,228
B0515,15,0,State - Mizoram,Rural,Technical Degree or Diploma equal to Degree or Post-Graduate Degree,169,121,48,49,31,18,12,1,11,7,7,0,39,37,2,0,0,0,0,0,0,62,45,17
B0515,15,0,State - Mizoram,Urban,Total,337448,140555,196893,173185,86906,86279,63578,3703,59875,69047,34345,34702,6976,4615,2361,962,428,534,16,9,7,23684,10549,13135
B0515,15,0,State - Mizoram,Urban,Illiterate,82274,40368,41906,22528,11294,11234,2206,209,1997,56889,28579,28310,162,52,110,57,19,38,4,2,2,428,213,215
B0515,15,0,State - Mizoram,Urban,Literate,255174,100187,154987,150657,75612,75045,61372,3494,57878,12158,5766,6392,6814,4563,2251,905,409,496,12,7,5,23256,10336,12920
B0515,15,0,State - Mizoram,Urban,Literate but below Matric/Secondary,178276,69533,108743,107100,54341,52759,45074,2516,42558,9491,4440,5051,4441,2831,1610,666,278,388,8,5,3,11496,5122,6374
B0515,15,0,State - Mizoram,Urban,Matric/Secondary but below Graduate,62530,24735,37795,38809,18911,19898,12967,743,12224,1719,894,825,1292,856,436,162,89,73,2,1,1,7579,3241,4338
B0515,15,0,State - Mizoram,Urban,Technical Diploma or Certificate not equal to Degree,431,177,254,230,90,140,41,4,37,7,3,4,64,43,21,1,1,0,0,0,0,88,36,52
B0515,15,0,State - Mizoram,Urban,Graduate and above other than Technical Degree,9448,3947,5501,3354,1586,1768,1888,145,1743,290,180,110,646,545,101,49,33,16,1,0,1,3220,1458,1762
B0515,15,0,State - Mizoram,Urban,Technical Degree or Diploma equal to Degree or Post-Graduate Degree,1390,849,541,630,399,231,118,14,104,12,7,5,231,211,20,4,2,2,0,0,0,395,216,179
B0515,16,0,State - Tripura,Total,Total,2204396,829050,1375346,902585,471046,431539,353318,7681,345637,533629,241120,292509,62007,30247,31760,3875,1575,2300,1358,557,801,347624,76824,270800
B0515,16,0,State - Tripura,Total,Illiterate,651950,271223,380727,110130,56485,53645,57538,2020,55518,431554,202658,228896,16366,3640,12726,1551,537,1014,684,169,515,34127,5714,28413
B0515,16,0,State - Tripura,Total,Literate,1552446,557827,994619,792455,414561,377894,295780,5661,290119,102075,38462,63613,45641,26607,19034,2324,1038,1286,674,388,286,313497,71110,242387
B0515,16,0,State - Tripura,Total,Literate but below Matric/Secondary,1172391,419895,752496,658889,339134,319755,216656,4121,212535,77450,29033,48417,22354,10399,11955,1577,636,941,521,297,224,194944,36275,158669
B0515,16,0,State - Tripura,Total,Matric/Secondary but below Graduate,256685,101274,155411,117687,66473,51214,44225,824,43401,9871,4183,5688,11077,7989,3088,388,228,160,39,32,7,73398,21545,51853
B0515,16,0,State - Tripura,Total,Technical Diploma or Certificate not equal to Degree,2512,1744,768,1396,929,467,85,6,79,70,54,16,283,267,16,3,3,0,0,0,0,675,485,190
B0515,16,0,State - Tripura,Total,Graduate and above other than Technical Degree,48172,17552,30620,7182,3960,3222,9301,187,9114,2170,920,1250,6630,5168,1462,96,54,42,14,12,2,22779,7251,15528
B0515,16,0,State - Tripura,Total,Technical Degree or Diploma equal to Degree or Post-Graduate Degree,4671,2902,1769,1539,995,544,252,14,238,152,92,60,1082,828,254,8,7,1,0,0,0,1638,966,672
B0515,16,0,State - Tripura,Rural,Total,1596388,619406,976982,685664,359520,326144,238535,5948,232587,413983,190425,223558,34412,14367,20045,1993,801,1192,954,403,551,220847,47942,172905
B0515,16,0,State - Tripura,Rural,Illiterate,525882,217729,308153,84473,43226,41247,47755,1682,46073,349383,164292,185091,14471,3235,11236,1143,413,730,480,128,352,28177,4753,23424
B0515,16,0,State - Tripura,Rural,Literate,1070506,401677,668829,601191,316294,284897,190780,4266,186514,64600,26133,38467,19941,11132,8809,850,388,462,474,275,199,192670,43189,149481
B0515,16,0,State - Tripura,Rural,Literate but below Matric/Secondary,862621,322669,539952,516338,266846,249492,150121,3292,146829,50177,20440,29737,13371,6675,6696,649,286,363,373,215,158,131592,24915,106677
B0515,16,0,State - Tripura,Rural,Matric/Secondary but below Graduate,145650,62096,83554,76184,44388,31796,21163,515,20648,5031,2261,2770,3024,2511,513,77,47,30,21,19,2,40150,12355,27795
B0515,16,0,State - Tripura,Rural,Technical Diploma or Certificate not equal to Degree,661,468,193,415,310,105,25,4,21,20,13,7,19,17,2,0,0,0,0,0,0,182,124,58
B0515,16,0,State - Tripura,Rural,Graduate and above other than Technical Degree,14597,6283,8314,3749,2293,1456,1952,78,1874,651,327,324,857,766,91,3,2,1,7,7,0,7378,2810,4568
B0515,16,0,State - Tripura,Rural,Technical Degree or Diploma equal to Degree or Post-Graduate Degree,850,579,271,361,269,92,60,3,57,32,25,7,81,78,3,1,1,0,0,0,0,315,203,112
B0515,16,0,State - Tripura,Urban,Total,608008,209644,398364,216921,111526,105395,114783,1733,113050,119646,50695,68951,27595,15880,11715,1882,774,1108,404,154,250,126777,28882,97895
B0515,16,0,State - Tripura,Urban,Illiterate,126068,53494,72574,25657,13259,12398,9783,338,9445,82171,38366,43805,1895,405,1490,408,124,284,204,41,163,5950,961,4989
B0515,16,0,State - Tripura,Urban,Literate,481940,156150,325790,191264,98267,92997,105000,1395,103605,37475,12329,25146,25700,15475,10225,1474,650,824,200,113,87,120827,27921,92906
B0515,16,0,State - Tripura,Urban,Literate but below Matric/Secondary,309770,97226,212544,142551,72288,70263,66535,829,65706,27273,8593,18680,8983,3724,5259,928,350,578,148,82,66,63352,11360,51992
B0515,16,0,State - Tripura,Urban,Matric/Secondary but below Graduate,111035,39178,71857,41503,22085,19418,23062,309,22753,4840,1922,2918,8053,5478,2575,311,181,130,18,13,5,33248,9190,24058
B0515,16,0,State - Tripura,Urban,Technical Diploma or Certificate not equal to Degree,1851,1276,575,981,619,362,60,2,58,50,41,9,264,250,14,3,3,0,0,0,0,493,361,132
B0515,16,0,State - Tripura,Urban,Graduate and above other than Technical Degree,33575,11269,22306,3433,1667,1766,7349,109,7240,1519,593,926,5773,4402,1371,93,52,41,7,5,2,15401,4441,10960
B0515,16,0,State - Tripura,Urban,Technical Degree or Diploma equal to Degree or Post-Graduate Degree,3821,2323,1498,1178,726,452,192,11,181,120,67,53,1001,750,251,7,6,1,0,0,0,1323,763,560
B0515,17,0,State - Meghalaya,Total,Total,1781270,788123,993147,895859,444380,451479,213820,12015,201805,590272,291771,298501,13867,7521,6346,2272,652,1620,328,137,191,64852,31647,33205
B0515,17,0,State - Meghalaya,Total,Illiterate,808713,374769,433944,176427,89824,86603,71577,5532,66045,542463,271047,271416,2096,599,1497,832,246,586,259,94,165,15059,7427,7632
B0515,17,0,State - Meghalaya,Total,Literate,972557,413354,559203,719432,354556,364876,142243,6483,135760,47809,20724,27085,11771,6922,4849,1440,406,1034,69,43,26,49793,24220,25573
B0515,17,0,State - Meghalaya,Total,Literate but below Matric/Secondary,766449,330910,435539,598193,295764,302429,102024,4796,97228,34655,14903,19752,4860,2722,2138,848,196,652,49,33,16,25820,12496,13324
B0515,17,0,State - Meghalaya,Total,Matric/Secondary but below Graduate,147004,59951,87053,101603,48995,52608,24063,876,23187,4861,1861,3000,3200,1895,1305,369,129,240,8,5,3,12900,6190,6710
B0515,17,0,State - Meghalaya,Total,Technical Diploma or Certificate not equal to Degree,1159,624,535,730,406,324,64,4,60,33,18,15,95,61,34,0,0,0,0,0,0,237,135,102
B0515,17,0,State - Meghalaya,Total,Graduate and above other than Technical Degree,25515,8951,16564,9097,4176,4921,6022,156,5866,1251,424,827,2697,1700,997,143,57,86,1,0,1,6304,2438,3866
B0515,17,0,State - Meghalaya,Total,Technical Degree or Diploma equal to Degree or Post-Graduate Degree,3237,1485,1752,1554,789,765,417,24,393,127,52,75,365,232,133,16,6,10,0,0,0,758,382,376
B0515,17,0,State - Meghalaya,Rural,Total,1397981,632448,765533,679596,337328,342268,146866,9967,136899,520974,259581,261393,4968,2554,2414,867,334,533,273,103,170,44437,22581,21856
B0515,17,0,State - Meghalaya,Rural,Illiterate,704893,328315,376578,143015,72678,70337,60141,5017,55124,486243,243367,242876,1326,336,990,517,198,319,227,74,153,13424,6645,6779
B0515,17,0,State - Meghalaya,Rural,Literate,693088,304133,388955,536581,264650,271931,86725,4950,81775,34731,16214,18517,3642,2218,1424,350,136,214,46,29,17,31013,15936,15077
B0515,17,0,State - Meghalaya,Rural,Literate but below Matric/Secondary,586736,259202,327534,470822,232619,238203,68415,3880,64535,26101,11907,14194,2186,1260,926,251,87,164,36,23,13,18925,9426,9499
B0515,17,0,State - Meghalaya,Rural,Matric/Secondary but below Graduate,75336,32125,43211,54974,26431,28543,9994,510,9484,2357,1028,1329,900,602,298,55,30,25,3,3,0,7053,3521,3532
B0515,17,0,State - Meghalaya,Rural,Technical Diploma or Certificate not equal to Degree,275,150,125,172,93,79,20,2,18,11,6,5,11,9,2,0,0,0,0,0,0,61,40,21
B0515,17,0,State - Meghalaya,Rural,Graduate and above other than Technical Degree,7124,2722,4402,3254,1555,1699,1380,53,1327,337,149,188,273,193,80,8,7,1,0,0,0,1872,765,1107
B0515,17,0,State - Meghalaya,Rural,Technical Degree or Diploma equal to Degree or Post-Graduate Degree,706,329,377,358,188,170,96,5,91,27,15,12,42,28,14,2,2,0,0,0,0,181,91,90
B0515,17,0,State - Meghalaya,Urban,Total,383289,155675,227614,216263,107052,109211,66954,2048,64906,69298,32190,37108,8899,4967,3932,1405,318,1087,55,34,21,20415,9066,11349
B0515,17,0,State - Meghalaya,Urban,Illiterate,103820,46454,57366,33412,17146,16266,11436,515,10921,56220,27680,28540,770,263,507,315,48,267,32,20,12,1635,782,853
B0515,17,0,State - Meghalaya,Urban,Literate,279469,109221,170248,182851,89906,92945,55518,1533,53985,13078,4510,8568,8129,4704,3425,1090,270,820,23,14,9,18780,8284,10496
B0515,17,0,State - Meghalaya,Urban,Literate but below Matric/Secondary,179713,71708,108005,127371,63145,64226,33609,916,32693,8554,2996,5558,2674,1462,1212,597,109,488,13,10,3,6895,3070,3825
B0515,17,0,State - Meghalaya,Urban,Matric/Secondary but below Graduate,71668,27826,43842,46629,22564,24065,14069,366,13703,2504,833,1671,2300,1293,1007,314,99,215,5,2,3,5847,2669,3178
B0515,17,0,State - Meghalaya,Urban,Technical Diploma or Certificate not equal to Degree,884,474,410,558,313,245,44,2,42,22,12,10,84,52,32,0,0,0,0,0,0,176,95,81
B0515,17,0,State - Meghalaya,Urban,Graduate and above other than Technical Degree,18391,6229,12162,5843,2621,3222,4642,103,4539,914,275,639,2424,1507,917,135,50,85,1,0,1,4432,1673,2759
B0515,17,0,State - Meghalaya,Urban,Technical Degree or Diploma equal to Degree or Post-Graduate Degree,2531,1156,1375,1196,601,595,321,19,302,100,37,63,323,204,119,14,4,10,0,0,0,577,291,286
B0515,18,0,State - Assam,Total,Total,19235886,7397883,11838003,7341492,3750540,3590952,4275486,216433,4059053,5699285,2651127,3048158,242703,135129,107574,16821,7357,9464,20314,6603,13711,1639785,630694,1009091
B0515,18,0,State - Assam,Total,Illiterate,8166257,3065412,5100845,1030860,520176,510684,1692442,77413,1615029,4989939,2350732,2639207,61191,15012,46179,5823,2209,3614,17775,5131,12644,368227,94739,273488
B0515,18,0,State - Assam,Total,Literate,11069629,4332471,6737158,6310632,3230364,3080268,2583044,139020,2444024,709346,300395,408951,181512,120117,61395,10998,5148,5850,2539,1472,1067,1271558,535955,735603
B0515,18,0,State - Assam,Total,Literate but below Matric/Secondary,8281329,3308468,4972861,5257237,2673105,2584132,1760268,97375,1662893,540453,231917,308536,81490,43556,37934,5858,2371,3487,1907,1104,803,634116,259040,375076
B0515,18,0,State - Assam,Total,Matric/Secondary but below Graduate,2002325,756592,1245733,916966,481438,435528,534215,25387,508828,81103,30058,51045,54574,40740,13834,3097,1555,1542,190,142,48,412180,177272,234908
B0515,18,0,State - Assam,Total,Technical Diploma or Certificate not equal to Degree,13259,9887,3372,7176,5441,1735,850,164,686,348,261,87,1664,1587,77,49,48,1,1,1,0,3171,2385,786
B0515,18,0,State - Assam,Total,Graduate and above other than Technical Degree,333647,118601,215046,58422,28797,29625,98359,4317,94042,13901,5371,8530,28885,24346,4539,1167,778,389,31,21,10,132882,54971,77911
B0515,18,0,State - Assam,Total,Technical Degree or Diploma equal to Degree or Post-Graduate Degree,23865,13357,10508,8112,5374,2738,3761,231,3530,877,368,509,3573,3131,442,72,57,15,3,3,0,7467,4193,3274
B0515,18,0,State - Assam,Rural,Total,16438751,6421137,10017614,6266054,3201522,3064532,3487907,194958,3292949,5154720,2417418,2737302,161934,85688,76246,7469,3370,4099,18863,5926,12937,1341804,512255,829549
B0515,18,0,State - Assam,Rural,Illiterate,7444631,2791401,4653230,896014,451488,444526,1548002,72784,1475218,4583694,2160972,2422722,53967,13457,40510,4414,1835,2579,16707,4678,12029,341833,86187,255646
B0515,18,0,State - Assam,Rural,Literate,8994120,3629736,5364384,5370040,2750034,2620006,1939905,122174,1817731,571026,256446,314580,107967,72231,35736,3055,1535,1520,2156,1248,908,999971,426068,573903
B0515,18,0,State - Assam,Rural,Literate but below Matric/Secondary,7064874,2879499,4185375,4596388,2335539,2260849,1420650,87723,1332927,448577,202576,246001,58907,33368,25539,2058,965,1093,1649,958,691,536645,218370,318275
B0515,18,0,State - Assam,Rural,Matric/Secondary but below Graduate,1411553,567334,844219,681728,361957,319771,332219,20890,311329,52903,21717,31186,30586,24581,6005,565,328,237,138,108,30,313414,137753,175661
B0515,18,0,State - Assam,Rural,Technical Diploma or Certificate not equal to Degree,5743,4335,1408,3322,2643,679,349,74,275,151,107,44,291,269,22,3,2,1,1,1,0,1626,1239,387
B0515,18,0,State - Assam,Rural,Graduate and above other than Technical Degree,158507,65970,92537,30702,16163,14539,33990,2832,31158,6297,3011,3286,9594,8694,900,141,106,35,14,10,4,77769,35154,42615
B0515,18,0,State - Assam,Rural,Technical Degree or Diploma equal to Degree or Post-Graduate Degree,7991,4335,3656,2571,1824,747,1461,108,1353,439,183,256,729,595,134,5,4,1,2,2,0,2784,1619,1165
B0515,18,0,State - Assam,Urban,Total,2797135,976746,1820389,1075438,549018,526420,787579,21475,766104,544565,233709,310856,80769,49441,31328,9352,3987,5365,1451,677,774,297981,118439,179542
B0515,18,0,State - Assam,Urban,Illiterate,721626,274011,447615,134846,68688,66158,144440,4629,139811,406245,189760,216485,7224,1555,5669,1409,374,1035,1068,453,615,26394,8552,17842
B0515,18,0,State - Assam,Urban,Literate,2075509,702735,1372774,940592,480330,460262,643139,16846,626293,138320,43949,94371,73545,47886,25659,7943,3613,4330,383,224,159,271587,109887,161700
B0515,18,0,State - Assam,Urban,Literate but below Matric/Secondary,1216455,428969,787486,660849,337566,323283,339618,9652,329966,91876,29341,62535,22583,10188,12395,3800,1406,2394,258,146,112,97471,40670,56801
B0515,18,0,State - Assam,Urban,Matric/Secondary but below Graduate,590772,189258,401514,235238,119481,115757,201996,4497,197499,28200,8341,19859,23988,16159,7829,2532,1227,1305,52,34,18,98766,39519,59247
B0515,18,0,State - Assam,Urban,Technical Diploma or Certificate not equal to Degree,7516,5552,1964,3854,2798,1056,501,90,411,197,154,43,1373,1318,55,46,46,0,0,0,0,1545,1146,399
B0515,18,0,State - Assam,Urban,Graduate and above other than Technical Degree,175140,52631,122509,27720,12634,15086,64369,1485,62884,7604,2360,5244,19291,15652,3639,1026,672,354,17,11,6,55113,19817,35296
B0515,18,0,State - Assam,Urban,Technical Degree or Diploma equal to Degree or Post-Graduate Degree,15874,9022,6852,5541,3550,1991,2300,123,2177,438,185,253,2844,2536,308,67,53,14,1,1,0,4683,2574,2109
B0515,19,0,State - West Bengal,Total,Total,56519760,20092980,36426780,20063808,10268804,9795004,12356625,404030,11952595,14292414,6516839,7775575,1074755,654681,420074,104306,48264,56042,75083,30455,44628,8552769,2169907,6382862
B0515,19,0,State - West Bengal,Total,Illiterate,20282309,7056464,13225845,2358802,1195688,1163114,4048316,143151,3905165,11609433,5317110,6292323,265218,74893,190325,44304,16013,28291,60353,20717,39636,1895883,288892,1606991
B0515,19,0,State - West Bengal,Total,Literate,36237451,13036516,23200935,17705006,9073116,8631890,8308309,260879,8047430,2682981,1199729,1483252,809537,579788,229749,60002,32251,27751,14730,9738,4992,6656886,1881015,4775871
B0515,19,0,State - West Bengal,Total,Literate but below Matric/Secondary,26651895,9430205,17221690,14355729,7209769,7145960,5874354,189876,5684478,1988619,901704,1086915,283731,159293,124438,34746,16266,18480,10381,6981,3400,4104335,946316,3158019
B0515,19,0,State - West Bengal,Total,Matric/Secondary but below Graduate,6424882,2458582,3966300,2840347,1560605,1279742,1450048,38844,1411204,347731,151332,196399,240792,191573,49219,13620,8707,4913,1777,1292,485,1530567,506229,1024338
B0515,19,0,State - West Bengal,Total,Technical Diploma or Certificate not equal to Degree,55553,45435,10118,25401,20465,4936,2432,496,1936,3057,2632,425,11396,10822,574,367,354,13,13,10,3,12887,10656,2231
B0515,19,0,State - West Bengal,Total,Graduate and above other than Technical Degree,1920292,725277,1195015,316647,180415,136232,551700,15503,536197,133663,54686,78977,215731,177286,38445,7085,4887,2198,540,374,166,694926,292126,402800
B0515,19,0,State - West Bengal,Total,Technical Degree or Diploma equal to Degree or Post-Graduate Degree,130069,79774,50295,38902,27207,11695,17312,963,16349,6910,3899,3011,25062,20748,4314,466,384,82,34,25,9,41383,26548,14835
B0515,19,0,State - West Bengal,Rural,Total,38100632,13633765,24466867,13948420,7122939,6825481,7729490,277602,7451888,10205022,4743370,5461652,456837,245379,211458,38502,16397,22105,55089,19304,35785,5667272,1208774,4458498
B0515,19,0,State - West Bengal,Rural,Illiterate,15284447,5216375,10068072,1619185,819472,799713,3088158,108058,2980100,8790267,4021678,4768589,204630,55363,149267,26207,9613,16594,46661,13696,32965,1509339,188495,1320844
B0515,19,0,State - West Bengal,Rural,Literate,22816185,8417390,14398795,12329235,6303467,6025768,4641332,169544,4471788,1414755,721692,693063,252207,190016,62191,12295,6784,5511,8428,5608,2820,4157933,1020279,3137654
B0515,19,0,State - West Bengal,Rural,Literate but below Matric/Secondary,18538933,6649320,11889613,10446194,5225514,5220680,3842847,138303,3704544,1180154,599646,580508,125674,78872,46802,9411,5005,4406,6734,4612,2122,2927919,597368,2330551
B0515,19,0,State - West Bengal,Rural,Matric/Secondary but below Graduate,3151979,1327849,1824130,1660289,935705,724584,497803,17534,480269,101043,57440,43603,69045,62176,6869,1387,975,412,479,399,80,821933,253620,568313
B0515,19,0,State - West Bengal,Rural,Technical Diploma or Certificate not equal to Degree,12002,10171,1831,6911,5960,951,300,70,230,366,322,44,1416,1342,74,14,12,2,3,3,0,2992,2462,530
B0515,19,0,State - West Bengal,Rural,Graduate and above other than Technical Degree,496928,255854,241074,131795,86126,45669,69352,4023,65329,19539,12937,6602,38649,35908,2741,398,318,80,100,83,17,237095,116459,120636
B0515,19,0,State - West Bengal,Rural,Technical Degree or Diploma equal to Degree or Post-Graduate Degree,23514,17788,5726,7814,6360,1454,1387,155,1232,703,547,156,4760,4297,463,14,11,3,6,6,0,8830,6412,2418
B0515,19,0,State - West Bengal,Urban,Total,18419128,6459215,11959913,6115388,3145865,2969523,4627135,126428,4500707,4087392,1773469,2313923,617918,409302,208616,65804,31867,33937,19994,11151,8843,2885497,961133,1924364
B0515,19,0,State - West Bengal,Urban,Illiterate,4997862,1840089,3157773,739617,376216,363401,960158,35093,925065,2819166,1295432,1523734,60588,19530,41058,18097,6400,11697,13692,7021,6671,386544,100397,286147
B0515,19,0,State - West Bengal,Urban,Literate,13421266,4619126,8802140,5375771,2769649,2606122,3666977,91335,3575642,1268226,478037,790189,557330,389772,167558,47707,25467,22240,6302,4130,2172,2498953,860736,1638217
B0515,19,0,State - West Bengal,Urban,Literate but below Matric/Secondary,8112962,2780885,5332077,3909535,1984255,1925280,2031507,51573,1979934,808465,302058,506407,158057,80421,77636,25335,11261,14074,3647,2369,1278,1176416,348948,827468
B0515,19,0,State - West Bengal,Urban,Matric/Secondary but below Graduate,3272903,1130733,2142170,1180058,624900,555158,952245,21310,930935,246688,93892,152796,171747,129397,42350,12233,7732,4501,1298,893,405,708634,252609,456025
B0515,19,0,State - West Bengal,Urban,Technical Diploma or Certificate not equal to Degree,43551,35264,8287,18490,14505,3985,2132,426,1706,2691,2310,381,9980,9480,500,353,342,11,10,7,3,9895,8194,1701
B0515,19,0,State - West Bengal,Urban,Graduate and above other than Technical Degree,1423364,469423,953941,184852,94289,90563,482348,11480,470868,114124,41749,72375,177082,141378,35704,6687,4569,2118,440,291,149,457831,175667,282164
B0515,19,0,State - West Bengal,Urban,Technical Degree or Diploma equal to Degree or Post-Graduate Degree,106555,61986,44569,31088,20847,10241,15925,808,15117,6207,3352,2855,20302,16451,3851,452,373,79,28,19,9,32553,20136,12417
B0515,20,0,State - Jharkhand,Total,Total,19889860,8505546,11384314,8818033,4735364,4082669,3480887,134143,3346744,6260187,2984669,3275518,320486,186906,133580,12860,6951,5909,9817,4913,4904,987590,452600,534990
B0515,20,0,State - Jharkhand,Total,Illiterate,9037779,3510463,5527316,1220888,620582,600306,1642646,64289,1578357,5702665,2697854,3004811,154581,49651,104930,5270,1966,3304,8488,3897,4591,303241,72224,231017
B0515,20,0,State - Jharkhand,Total,Literate,10852081,4995083,5856998,7597145,4114782,3482363,1838241,69854,1768387,557522,286815,270707,165905,137255,28650,7590,4985,2605,1329,1016,313,684349,380376,303973
B0515,20,0,State - Jharkhand,Total,Literate but below Matric/Secondary,7818683,3612297,4206386,6098484,3206281,2892203,1027251,41819,985432,354629,179829,174800,61709,47611,14098,3187,1719,1468,881,714,167,272542,134324,138218
B0515,20,0,State - Jharkhand,Total,Matric/Secondary but below Graduate,2145732,1002019,1143713,1253068,753183,499885,515754,16300,499454,97497,51642,45855,56857,49813,7044,2566,1874,692,154,130,24,219836,129077,90759
B0515,20,0,State - Jharkhand,Total,Technical Diploma or Certificate not equal to Degree,31169,25493,5676,19125,15646,3479,1162,237,925,1330,1179,151,2946,2764,182,115,107,8,0,0,0,6491,5560,931
B0515,20,0,State - Jharkhand,Total,Graduate and above other than Technical Degree,497689,207312,290377,139570,84197,55373,170572,5206,165366,27300,14650,12650,29741,26582,3159,1144,941,203,31,25,6,129331,75711,53620
B0515,20,0,State - Jharkhand,Total,Technical Degree or Diploma equal to Degree or Post-Graduate Degree,50312,31600,18712,22230,16022,6208,6635,331,6304,2031,1335,696,4777,4050,727,118,102,16,3,2,1,14518,9758,4760
B0515,20,0,State - Jharkhand,Rural,Total,14277921,6292344,7985577,6400917,3445908,2955009,2034788,95940,1938848,5033103,2404998,2628105,206720,102815,103905,4481,2168,2313,6145,3167,2978,591767,237348,354419
B0515,20,0,State - Jharkhand,Rural,Illiterate,7223919,2836836,4387083,920768,463959,456809,1208747,51458,1157289,4709501,2225420,2484081,133146,41220,91926,3055,1239,1816,5318,2484,2834,243384,51056,192328
B0515,20,0,State - Jharkhand,Rural,Literate,7054002,3455508,3598494,5480149,2981949,2498200,826041,44482,781559,323602,179578,144024,73574,61595,11979,1426,929,497,827,683,144,348383,186292,162091
B0515,20,0,State - Jharkhand,Rural,Literate but below Matric/Secondary,5702167,2740532,2961635,4689453,2469270,2220183,567644,30523,537121,227753,126299,101454,36857,29889,6968,791,475,316,585,499,86,179084,83577,95507
B0515,20,0,State - Jharkhand,Rural,Matric/Secondary but below Graduate,1004648,545675,458973,682800,439066,243734,163486,7874,155612,35230,20445,14785,21882,19847,2035,334,255,79,90,81,9,100826,58107,42719
B0515,20,0,State - Jharkhand,Rural,Technical Diploma or Certificate not equal to Degree,7866,6582,1284,5391,4625,766,257,59,198,193,162,31,371,324,47,12,11,1,0,0,0,1642,1401,241
B0515,20,0,State - Jharkhand,Rural,Graduate and above other than Technical Degree,120344,70516,49828,48898,35358,13540,23256,1580,21676,5576,3561,2015,6918,6478,440,91,82,9,6,4,2,35599,23453,12146
B0515,20,0,State - Jharkhand,Rural,Technical Degree or Diploma equal to Degree or Post-Graduate Degree,9603,7209,2394,4813,4014,799,707,68,639,263,173,90,937,863,74,8,6,2,2,2,0,2873,2083,790
B0515,20,0,State - Jharkhand,Urban,Total,5611939,2213202,3398737,2417116,1289456,1127660,1446099,38203,1407896,1227084,579671,647413,113766,84091,29675,8379,4783,3596,3672,1746,1926,395823,215252,180571
B0515,20,0,State - Jharkhand,Urban,Illiterate,1813860,673627,1140233,300120,156623,143497,433899,12831,421068,993164,472434,520730,21435,8431,13004,2215,727,1488,3170,1413,1757,59857,21168,38689
B0515,20,0,State - Jharkhand,Urban,Literate,3798079,1539575,2258504,2116996,1132833,984163,1012200,25372,986828,233920,107237,126683,92331,75660,16671,6164,4056,2108,502,333,169,335966,194084,141882
B0515,20,0,State - Jharkhand,Urban,Literate but below Matric/Secondary,2116516,871765,1244751,1409031,737011,672020,459607,11296,448311,126876,53530,73346,24852,17722,7130,2396,1244,1152,296,215,81,93458,50747,42711
B0515,20,0,State - Jharkhand,Urban,Matric/Secondary but below Graduate,1141084,456344,684740,570268,314117,256151,352268,8426,343842,62267,31197,31070,34975,29966,5009,2232,1619,613,64,49,15,119010,70970,48040
B0515,20,0,State - Jharkhand,Urban,Technical Diploma or Certificate not equal to Degree,23303,18911,4392,13734,11021,2713,905,178,727,1137,1017,120,2575,2440,135,103,96,7,0,0,0,4849,4159,690
B0515,20,0,State - Jharkhand,Urban,Graduate and above other than Technical Degree,377345,136796,240549,90672,48839,41833,147316,3626,143690,21724,11089,10635,22823,20104,2719,1053,859,194,25,21,4,93732,52258,41474
B0515,20,0,State - Jharkhand,Urban,Technical Degree or Diploma equal to Degree or Post-Graduate Degree,40709,24391,16318,17417,12008,5409,5928,263,5665,1768,1162,606,3840,3187,653,110,96,14,1,0,1,11645,7675,3970
B0515,21,0,State - Odisha,Total,Total,24432629,9309481,15123148,8925658,4659479,4266179,5423193,224965,5198228,7315055,3175897,4139158,812216,395756,416460,19756,9235,10521,16674,9218,7456,1920077,834931,1085146
B0515,21,0,State - Odisha,Total,Illiterate,9467751,3540445,5927306,1356274,695789,660485,1586976,62757,1524219,5733821,2582750,3151071,438070,110583,327487,7708,2447,5261,12112,5676,6436,332790,80443,252347
B0515,21,0,State - Odisha,Total,Literate,14964878,5769036,9195842,7569384,3963690,3605694,3836217,162208,3674009,1581234,593147,988087,374146,285173,88973,12048,6788,5260,4562,3542,1020,1587287,754488,832799
B0515,21,0,State - Odisha,Total,Literate but below Matric/Secondary,11052349,4259135,6793214,6197403,3188288,3009115,2652611,117537,2535074,1172434,459190,713244,196553,132306,64247,7057,3540,3517,3596,2848,748,822695,355426,467269
B0515,21,0,State - Odisha,Total,Matric/Secondary but below Graduate,2717293,1049731,1667562,1137117,628634,508483,780588,28357,752231,238949,72518,166431,96561,85782,10779,2945,1873,1072,335,266,69,460798,232301,228497
B0515,21,0,State - Odisha,Total,Technical Diploma or Certificate not equal to Degree,91696,73535,18161,49749,40976,8773,3961,841,3120,3896,2975,921,4547,4254,293,120,117,3,8,8,0,29415,24364,5051
B0515,21,0,State - Odisha,Total,Graduate and above other than Technical Degree,565622,186175,379447,77079,42801,34278,211010,6347,204663,57860,14524,43336,36821,33506,3315,1165,840,325,60,50,10,181627,88107,93520
B0515,21,0,State - Odisha,Total,Technical Degree or Diploma equal to Degree or Post-Graduate Degree,121095,66896,54199,36478,25055,11423,25993,1061,24932,8639,3552,5087,20718,18351,2367,191,149,42,17,12,5,29059,18716,10343
B0515,21,0,State - Odisha,Rural,Total,19866848,7644629,12222219,7258546,3780582,3477964,4201992,192381,4009611,6165035,2719989,3445046,671090,300956,370134,10760,4792,5968,10138,5560,4578,1549287,640369,908918
B0515,21,0,State - Odisha,Rural,Illiterate,8198553,3059610,5138943,1147623,586605,561018,1351176,55329,1295847,4979387,2241135,2738252,412741,104406,308335,5962,1977,3985,7154,3191,3963,294510,66967,227543
B0515,21,0,State - Odisha,Rural,Literate,11668295,4585019,7083276,6110923,3193977,2916946,2850816,137052,2713764,1185648,478854,706794,258349,196550,61799,4798,2815,1983,2984,2369,615,1254777,573402,681375
B0515,21,0,State - Odisha,Rural,Literate but below Matric/Secondary,9167400,3577552,5589848,5226880,2683483,2543397,2139330,102959,2036371,933170,385165,548005,159027,110249,48778,3462,1942,1520,2415,1946,469,703116,291808,411308
B0515,21,0,State - Odisha,Rural,Matric/Secondary but below Graduate,1803092,725837,1077255,754900,425476,329424,485651,22082,463569,146802,49280,97522,58198,53511,4687,782,530,252,230,194,36,356529,174764,181765
B0515,21,0,State - Odisha,Rural,Technical Diploma or Certificate not equal to Degree,55655,46342,9313,29784,25694,4090,2075,594,1481,2122,1703,419,1888,1802,86,14,13,1,7,7,0,19765,16529,3236
B0515,21,0,State - Odisha,Rural,Graduate and above other than Technical Degree,265027,100219,164808,35601,22005,13596,83822,3929,79893,21406,7451,13955,12356,11637,719,182,136,46,35,32,3,111625,55029,56596
B0515,21,0,State - Odisha,Rural,Technical Degree or Diploma equal to Degree or Post-Graduate Degree,56568,30019,26549,10559,7852,2707,16137,692,15445,4299,1983,2316,11642,10745,897,39,27,12,14,9,5,13878,8711,5167
B0515,21,0,State - Odisha,Urban,Total,4565781,1664852,2900929,1667112,878897,788215,1221201,32584,1188617,1150020,455908,694112,141126,94800,46326,8996,4443,4553,6536,3658,2878,370790,194562,176228
B0515,21,0,State - Odisha,Urban,Illiterate,1269198,480835,788363,208651,109184,99467,235800,7428,228372,754434,341615,412819,25329,6177,19152,1746,470,1276,4958,2485,2473,38280,13476,24804
B0515,21,0,State - Odisha,Urban,Literate,3296583,1184017,2112566,1458461,769713,688748,985401,25156,960245,395586,114293,281293,115797,88623,27174,7250,3973,3277,1578,1173,405,332510,181086,151424
B0515,21,0,State - Odisha,Urban,Literate but below Matric/Secondary,1884949,681583,1203366,970523,504805,465718,513281,14578,498703,239264,74025,165239,37526,22057,15469,3595,1598,1997,1181,902,279,119579,63618,55961
B0515,21,0,State - Odisha,Urban,Matric/Secondary but below Graduate,914201,323894,590307,382217,203158,179059,294937,6275,288662,92147,23238,68909,38363,32271,6092,2163,1343,820,105,72,33,104269,57537,46732
B0515,21,0,State - Odisha,Urban,Technical Diploma or Certificate not equal to Degree,36041,27193,8848,19965,15282,4683,1886,247,1639,1774,1272,502,2659,2452,207,106,104,2,1,1,0,9650,7835,1815
B0515,21,0,State - Odisha,Urban,Graduate and above other than Technical Degree,300595,85956,214639,41478,20796,20682,127188,2418,124770,36454,7073,29381,24465,21869,2596,983,704,279,25,18,7,70002,33078,36924
B0515,21,0,State - Odisha,Urban,Technical Degree or Diploma equal to Degree or Post-Graduate Degree,64527,36877,27650,25919,17203,8716,9856,369,9487,4340,1569,2771,9076,7606,1470,152,122,30,3,3,0,15181,10005,5176
B0515,22,0,State - Chhattisgarh,Total,Total,13364973,5699029,7665944,6402666,3315598,3087068,1943299,56746,1886553,4083077,1919948,2163129,358627,148404,210223,11022,5647,5375,9355,4548,4807,556927,248138,308789
B0515,22,0,State - Chhattisgarh,Total,Illiterate,5617213,2298382,3318831,958185,487241,470944,640332,22454,617878,3649208,1695671,1953537,236198,58313,177885,4910,1652,3258,7491,3050,4441,120889,30001,90888
B0515,22,0,State - Chhattisgarh,Total,Literate,7747760,3400647,4347113,5444481,2828357,2616124,1302967,34292,1268675,433869,224277,209592,122429,90091,32338,6112,3995,2117,1864,1498,366,436038,218137,217901
B0515,22,0,State - Chhattisgarh,Total,Literate but below Matric/Secondary,5914572,2665531,3249041,4528843,2325490,2203353,775098,23365,751733,324188,169395,154793,64082,42697,21385,3283,1944,1339,1503,1224,279,217575,101416,116159
B0515,22,0,State - Chhattisgarh,Total,Matric/Secondary but below Graduate,1336854,564093,772761,790335,431687,358648,327220,6658,320562,61535,31345,30190,30543,25571,4972,1612,1159,453,172,143,29,125437,67530,57907
B0515,22,0,State - Chhattisgarh,Total,Technical Diploma or Certificate not equal to Degree,17128,12811,4317,9868,7532,2336,1256,88,1168,884,746,138,1304,1227,77,92,86,6,3,3,0,3721,3129,592
B0515,22,0,State - Chhattisgarh,Total,Graduate and above other than Technical Degree,302597,86548,216049,64206,32950,31256,142967,2155,140812,15931,7343,8588,17036,14671,2365,771,583,188,27,23,4,61659,28823,32836
B0515,22,0,State - Chhattisgarh,Total,Technical Degree or Diploma equal to Degree or Post-Graduate Degree,42641,24184,18457,21207,13574,7633,6518,200,6318,1779,1149,630,2817,2507,310,124,111,13,4,4,0,10192,6639,3553
B0515,22,0,State - Chhattisgarh,Rural,Total,9544847,4275168,5269679,4804148,2493627,2310521,931934,37838,894096,3209234,1508733,1700501,258547,94169,164378,4495,2169,2326,5126,2630,2496,331363,136002,195361
B0515,22,0,State - Chhattisgarh,Rural,Illiterate,4434463,1846561,2587902,769779,389370,380409,412488,17033,395455,2950272,1365205,1585067,200607,50659,149948,2998,1096,1902,4018,1710,2308,94301,21488,72813
B0515,22,0,State - Chhattisgarh,Rural,Literate,5110384,2428607,2681777,4034369,2104257,1930112,519446,20805,498641,258962,143528,115434,57940,43510,14430,1497,1073,424,1108,920,188,237062,114514,122548
B0515,22,0,State - Chhattisgarh,Rural,Literate but below Matric/Secondary,4298213,2033687,2264526,3527096,1810088,1717008,379599,15826,363773,210100,117118,92982,39498,28365,11133,1131,807,324,938,782,156,139851,60701,79150
B0515,22,0,State - Chhattisgarh,Rural,Matric/Secondary but below Graduate,650529,321678,328851,454390,260919,193471,96307,3190,93117,25062,13999,11063,9893,8997,896,217,169,48,85,75,10,64575,34329,30246
B0515,22,0,State - Chhattisgarh,Rural,Technical Diploma or Certificate not equal to Degree,5671,4639,1032,4117,3486,631,245,32,213,146,112,34,110,101,9,1,1,0,2,2,0,1050,905,145
B0515,22,0,State - Chhattisgarh,Rural,Graduate and above other than Technical Degree,66876,30439,36437,22600,14158,8442,18641,536,18105,3149,1849,1300,3558,3405,153,52,44,8,10,9,1,18866,10438,8428
B0515,22,0,State - Chhattisgarh,Rural,Technical Degree or Diploma equal to Degree or Post-Graduate Degree,7230,5130,2100,4183,3172,1011,618,50,568,228,176,52,432,414,18,7,6,1,1,1,0,1761,1311,450
B0515,22,0,State - Chhattisgarh,Urban,Total,3820126,1423861,2396265,1598518,821971,776547,1011365,18908,992457,873843,411215,462628,100080,54235,45845,6527,3478,3049,4229,1918,2311,225564,112136,113428
B0515,22,0,State - Chhattisgarh,Urban,Illiterate,1182750,451821,730929,188406,97871,90535,227844,5421,222423,698936,330466,368470,35591,7654,27937,1912,556,1356,3473,1340,2133,26588,8513,18075
B0515,22,0,State - Chhattisgarh,Urban,Literate,2637376,972040,1665336,1410112,724100,686012,783521,13487,770034,174907,80749,94158,64489,46581,17908,4615,2922,1693,756,578,178,198976,103623,95353
B0515,22,0,State - Chhattisgarh,Urban,Literate but below Matric/Secondary,1616359,631844,984515,1001747,515402,486345,395499,7539,387960,114088,52277,61811,24584,14332,10252,2152,1137,1015,565,442,123,77724,40715,37009
B0515,22,0,State - Chhattisgarh,Urban,Matric/Secondary but below Graduate,686325,242415,443910,335945,170768,165177,230913,3468,227445,36473,17346,19127,20650,16574,4076,1395,990,405,87,68,19,60862,33201,27661
B0515,22,0,State - Chhattisgarh,Urban,Technical Diploma or Certificate not equal to Degree,11457,8172,3285,5751,4046,1705,1011,56,955,738,634,104,1194,1126,68,91,85,6,1,1,0,2671,2224,447
B0515,22,0,State - Chhattisgarh,Urban,Graduate and above other than Technical Degree,235721,56109,179612,41606,18792,22814,124326,1619,122707,12782,5494,7288,13478,11266,2212,719,539,180,17,14,3,42793,18385,24408
B0515,22,0,State - Chhattisgarh,Urban,Technical Degree or Diploma equal to Degree or Post-Graduate Degree,35411,19054,16357,17024,10402,6622,5900,150,5750,1551,973,578,2385,2093,292,117,105,12,3,3,0,8431,5328,3103
B0515,23,0,State - Madhya Pradesh,Total,Total,41052676,17465336,23587340,19038123,10157635,8880488,7586094,288269,7297825,12107967,5874336,6233631,698362,371655,326707,23499,11726,11773,25603,15542,10061,1573028,746173,826855
B0515,23,0,State - Madhya Pradesh,Total,Illiterate,17260434,7019178,10241256,2734379,1411636,1322743,2876438,115636,2760802,10913406,5273024,5640382,328904,93883,235021,10418,3788,6630,19051,9941,9110,377838,111270,266568
B0515,23,0,State - Madhya Pradesh,Total,Literate,23792242,10446158,13346084,16303744,8745999,7557745,4709656,172633,4537023,1194561,601312,593249,369458,277772,91686,13081,7938,5143,6552,5601,951,1195190,634903,560287
B0515,23,0,State - Madhya Pradesh,Total,Literate but below Matric/Secondary,17818209,7981848,9836361,13432816,7059015,6373801,2821586,111826,2709760,845616,431110,414506,134504,86633,47871,6967,3974,2993,4985,4363,622,571735,284927,286808
B0515,23,0,State - Madhya Pradesh,Total,Matric/Secondary but below Graduate,3949428,1746308,2203120,2326571,1365147,961424,1042909,33295,1009614,158015,77538,80477,108456,89345,19111,3187,2099,1088,662,565,97,309628,178319,131309
B0515,23,0,State - Madhya Pradesh,Total,Technical Diploma or Certificate not equal to Degree,41719,31755,9964,25781,19806,5975,2660,288,2372,1241,1016,225,5396,5182,214,77,73,4,5,4,1,6559,5386,1173
B0515,23,0,State - Madhya Pradesh,Total,Graduate and above other than Technical Degree,1115670,360062,755608,277370,152758,124612,504349,12752,491597,51254,22755,28499,85003,71522,13481,1814,1217,597,162,128,34,195718,98930,96788
B0515,23,0,State - Madhya Pradesh,Total,Technical Degree or Diploma equal to Degree or Post-Graduate Degree,175728,102365,73363,92769,62758,30011,28086,1340,26746,5950,3406,2544,12728,10856,1872,151,121,30,16,12,4,36028,23872,12156
B0515,23,0,State - Madhya Pradesh,Rural,Total,27842206,12407411,15434795,13417757,7169340,6248417,3986131,192572,3793559,9225167,4497625,4727542,352428,154288,198140,8334,4139,4195,16791,10256,6535,835598,379191,456407
B0515,23,0,State - Madhya Pradesh,Rural,Illiterate,13045964,5406005,7639959,1991631,1022888,968743,1948496,85995,1862501,8571111,4141495,4429616,247984,73049,174935,5681,2326,3355,12494,6477,6017,268567,73775,194792
B0515,23,0,State - Madhya Pradesh,Rural,Literate,14796242,7001406,7794836,11426126,6146452,5279674,2037635,106577,1931058,654056,356130,297926,104444,81239,23205,2653,1813,840,4297,3779,518,567031,305416,261615
B0515,23,0,State - Madhya Pradesh,Rural,Literate but below Matric/Secondary,12481431,5834314,6647117,10055600,5272276,4783324,1524621,78534,1446087,503641,275148,228493,54423,38743,15680,1875,1261,614,3363,3005,358,337908,165347,172561
B0515,23,0,State - Madhya Pradesh,Rural,Matric/Secondary but below Graduate,1664953,881141,783812,1151203,731114,420089,300454,16069,284385,55014,30388,24626,26757,24188,2569,388,287,101,384,349,35,130753,78746,52007
B0515,23,0,State - Madhya Pradesh,Rural,Technical Diploma or Certificate not equal to Degree,11580,9712,1868,9191,7861,1330,352,71,281,183,161,22,269,255,14,2,2,0,1,1,0,1582,1361,221
B0515,23,0,State - Madhya Pradesh,Rural,Graduate and above other than Technical Degree,220913,111732,109181,90152,61211,28941,59624,3174,56450,8985,5241,3744,11849,11187,662,131,106,25,69,62,7,50103,30751,19352
B0515,23,0,State - Madhya Pradesh,Rural,Technical Degree or Diploma equal to Degree or Post-Graduate Degree,30671,22951,7720,19772,16012,3760,2540,304,2236,732,504,228,1194,1129,65,10,9,1,3,2,1,6420,4991,1429
B0515,23,0,State - Madhya Pradesh,Urban,Total,13210470,5057925,8152545,5620366,2988295,2632071,3599963,95697,3504266,2882800,1376711,1506089,345934,217367,128567,15165,7587,7578,8812,5286,3526,737430,366982,370448
B0515,23,0,State - Madhya Pradesh,Urban,Illiterate,4214470,1613173,2601297,742748,388748,354000,927942,29641,898301,2342295,1131529,1210766,80920,20834,60086,4737,1462,3275,6557,3464,3093,109271,37495,71776
B0515,23,0,State - Madhya Pradesh,Urban,Literate,8996000,3444752,5551248,4877618,2599547,2278071,2672021,66056,2605965,540505,245182,295323,265014,196533,68481,10428,6125,4303,2255,1822,433,628159,329487,298672
B0515,23,0,State - Madhya Pradesh,Urban,Literate but below Matric/Secondary,5336778,2147534,3189244,3377216,1786739,1590477,1296965,33292,1263673,341975,155962,186013,80081,47890,32191,5092,2713,2379,1622,1358,264,233827,119580,114247
B0515,23,0,State - Madhya Pradesh,Urban,Matric/Secondary but below Graduate,2284475,865167,1419308,1175368,634033,541335,742455,17226,725229,103001,47150,55851,81699,65157,16542,2799,1812,987,278,216,62,178875,99573,79302
B0515,23,0,State - Madhya Pradesh,Urban,Technical Diploma or Certificate not equal to Degree,30139,22043,8096,16590,11945,4645,2308,217,2091,1058,855,203,5127,4927,200,75,71,4,4,3,1,4977,4025,952
B0515,23,0,State - Madhya Pradesh,Urban,Graduate and above other than Technical Degree,894757,248330,646427,187218,91547,95671,444725,9578,435147,42269,17514,24755,73154,60335,12819,1683,1111,572,93,66,27,145615,68179,77436
B0515,23,0,State - Madhya Pradesh,Urban,Technical Degree or Diploma equal to Degree or Post-Graduate Degree,145057,79414,65643,72997,46746,26251,25546,1036,24510,5218,2902,2316,11534,9727,1807,141,112,29,13,10,3,29608,18881,10727
B0515,24,0,State - Gujarat,Total,Total,35671945,13490346,22181599,13937062,7743839,6193223,10719444,258134,10461310,9575671,4629943,4945728,361965,256553,105412,23481,12482,10999,12584,8035,4549,1041738,581360,460378
B0515,24,0,State - Gujarat,Total,Illiterate,13198428,5006738,8191690,1955554,1043916,911638,3034224,79289,2954935,7970013,3790840,4179173,35654,11155,24499,7912,2941,4971,9100,5379,3721,185971,73218,112753
B0515,24,0,State - Gujarat,Total,Literate,22473517,8483608,13989909,11981508,6699923,5281585,7685220,178845,7506375,1605658,839103,766555,326311,245398,80913,15569,9541,6028,3484,2656,828,855767,508142,347625
B0515,24,0,State - Gujarat,Total,Literate but below Matric/Secondary,15139143,6032305,9106838,9202812,5069267,4133545,4328864,104853,4224011,1122453,573449,549004,85021,56320,28701,8770,4995,3775,2400,1860,540,388823,221561,167262
B0515,24,0,State - Gujarat,Total,Matric/Secondary but below Graduate,4623073,1641922,2981151,2126266,1241830,884436,1949699,41373,1908326,218017,129519,88498,95773,78883,16890,3784,2567,1217,446,346,100,229088,147404,81684
B0515,24,0,State - Gujarat,Total,Technical Diploma or Certificate not equal to Degree,240149,135208,104941,118896,81863,37033,40149,1612,38537,10620,7066,3554,40003,25480,14523,246,201,45,14,12,2,30221,18974,11247
B0515,24,0,State - Gujarat,Total,Graduate and above other than Technical Degree,1133229,272336,860893,242748,126644,116104,674381,12366,662015,50428,29655,20773,62900,52733,10167,1272,887,385,78,55,23,101422,49996,51426
B0515,24,0,State - Gujarat,Total,Technical Degree or Diploma equal to Degree or Post-Graduate Degree,225301,119723,105578,109522,73955,35567,54354,1988,52366,10098,7248,2850,22851,18709,4142,262,223,39,11,7,4,28203,17593,10610
B0515,24,0,State - Gujarat,Rural,Total,19124517,7627575,11496942,7894934,4376306,3518628,4742342,117196,4625146,5883312,2802449,3080863,91918,62786,29132,6595,3232,3363,3622,2232,1390,501794,263374,238420
B0515,24,0,State - Gujarat,Rural,Illiterate,8263693,3096079,5167614,1150891,604820,546071,1827216,41751,1785465,5155357,2405275,2750082,15356,3780,11576,3450,1306,2144,2446,1306,1140,108977,37841,71136
B0515,24,0,State - Gujarat,Rural,Literate,10860824,4531496,6329328,6744043,3771486,2972557,2915126,75445,2839681,727955,397174,330781,76562,59006,17556,3145,1926,1219,1176,926,250,392817,225533,167284
B0515,24,0,State - Gujarat,Rural,Literate but below Matric/Secondary,8357451,3526485,4830966,5559026,3043049,2515977,2008965,52369,1956596,562425,305411,257014,25301,16938,8363,2256,1323,933,873,691,182,198605,106704,91901
B0515,24,0,State - Gujarat,Rural,Matric/Secondary but below Graduate,1630136,693867,936269,921784,565208,356576,532737,12697,520040,57454,36991,20463,19975,17204,2771,486,352,134,150,120,30,97550,61295,36255
B0515,24,0,State - Gujarat,Rural,Technical Diploma or Certificate not equal to Degree,112728,71406,41322,65385,45533,19852,10723,693,10030,2975,2147,828,15353,11838,3515,30,24,6,8,7,1,18254,11164,7090
B0515,24,0,State - Gujarat,Rural,Graduate and above other than Technical Degree,192600,65451,127149,71300,40938,30362,81237,1615,79622,5802,3716,2086,5936,5370,566,58,47,11,14,12,2,28253,13753,14500
B0515,24,0,State - Gujarat,Rural,Technical Degree or Diploma equal to Degree or Post-Graduate Degree,48643,27570,21073,25219,17681,7538,9226,359,8867,1498,1039,459,3910,3508,402,13,9,4,2,2,0,8775,4972,3803
B0515,24,0,State - Gujarat,Urban,Total,16547428,5862771,10684657,6042128,3367533,2674595,5977102,140938,5836164,3692359,1827494,1864865,270047,193767,76280,16886,9250,7636,8962,5803,3159,539944,317986,221958
B0515,24,0,State - Gujarat,Urban,Illiterate,4934735,1910659,3024076,804663,439096,365567,1207008,37538,1169470,2814656,1385565,1429091,20298,7375,12923,4462,1635,2827,6654,4073,2581,76994,35377,41617
B0515,24,0,State - Gujarat,Urban,Literate,11612693,3952112,7660581,5237465,2928437,2309028,4770094,103400,4666694,877703,441929,435774,249749,186392,63357,12424,7615,4809,2308,1730,578,462950,282609,180341
B0515,24,0,State - Gujarat,Urban,Literate but below Matric/Secondary,6781692,2505820,4275872,3643786,2026218,1617568,2319899,52484,2267415,560028,268038,291990,59720,39382,20338,6514,3672,2842,1527,1169,358,190218,114857,75361
B0515,24,0,State - Gujarat,Urban,Matric/Secondary but below Graduate,2992937,948055,2044882,1204482,676622,527860,1416962,28676,1388286,160563,92528,68035,75798,61679,14119,3298,2215,1083,296,226,70,131538,86109,45429
B0515,24,0,State - Gujarat,Urban,Technical Diploma or Certificate not equal to Degree,127421,63802,63619,53511,36330,17181,29426,919,28507,7645,4919,2726,24650,13642,11008,216,177,39,6,5,1,11967,7810,4157
B0515,24,0,State - Gujarat,Urban,Graduate and above other than Technical Degree,940629,206885,733744,171448,85706,85742,593144,10751,582393,44626,25939,18687,56964,47363,9601,1214,840,374,64,43,21,73169,36243,36926
B0515,24,0,State - Gujarat,Urban,Technical Degree or Diploma equal to Degree or Post-Graduate Degree,176658,92153,84505,84303,56274,28029,45128,1629,43499,8600,6209,2391,18941,15201,3740,249,214,35,9,5,4,19428,12621,6807
B0515,25,0,State - Daman & Diu,Total,Total,121976,42867,79109,44429,23994,20435,39184,920,38264,30454,14388,16066,1221,882,339,238,146,92,19,12,7,6431,2525,3906
B0515,25,0,State - Daman & Diu,Total,Illiterate,41430,16051,25379,6830,3578,3252,8591,214,8377,25149,12024,13125,137,40,97,38,12,26,16,10,6,669,173,496
B0515,25,0,State - Daman & Diu,Total,Literate,80546,26816,53730,37599,20416,17183,30593,706,29887,5305,2364,2941,1084,842,242,200,134,66,3,2,1,5762,2352,3410
B0515,25,0,State - Daman & Diu,Total,Literate but below Matric/Secondary,50531,18463,32068,28352,15212,13140,16040,405,15635,3383,1595,1788,442,348,94,126,76,50,3,2,1,2185,825,1360
B0515,25,0,State - Daman & Diu,Total,Matric/Secondary but below Graduate,22635,6369,16266,7694,4272,3422,10826,209,10617,1260,485,775,325,272,53,53,40,13,0,0,0,2477,1091,1386
B0515,25,0,State - Daman & Diu,Total,Technical Diploma or Certificate not equal to Degree,946,477,469,460,299,161,145,13,132,43,25,18,116,59,57,5,5,0,0,0,0,177,76,101
B0515,25,0,State - Daman & Diu,Total,Graduate and above other than Technical Degree,3330,610,2720,442,230,212,2035,29,2006,185,72,113,103,90,13,5,5,0,0,0,0,560,184,376
B0515,25,0,State - Daman & Diu,Total,Technical Degree or Diploma equal to Degree or Post-Graduate Degree,678,298,380,235,158,77,195,6,189,35,19,16,52,42,10,2,2,0,0,0,0,159,71,88
B0515,25,0,State - Daman & Diu,Rural,Total,37093,13533,23560,15789,8431,7358,11084,363,10721,7990,3783,4207,182,100,82,22,14,8,1,0,1,2025,842,1183
B0515,25,0,State - Daman & Diu,Rural,Illiterate,13450,4626,8824,2324,1196,1128,3736,85,3651,7006,3241,3765,68,15,53,6,2,4,1,0,1,309,87,222
B0515,25,0,State - Daman & Diu,Rural,Literate,23643,8907,14736,13465,7235,6230,7348,278,7070,984,542,442,114,85,29,16,12,4,0,0,0,1716,755,961
B0515,25,0,State - Daman & Diu,Rural,Literate but below Matric/Secondary,16181,6281,9900,10304,5404,4900,4438,178,4260,672,396,276,61,44,17,10,7,3,0,0,0,696,252,444
B0515,25,0,State - Daman & Diu,Rural,Matric/Secondary but below Graduate,5966,2037,3929,2644,1501,1143,2347,70,2277,214,104,110,31,24,7,6,5,1,0,0,0,724,333,391
B0515,25,0,State - Daman & Diu,Rural,Technical Diploma or Certificate not equal to Degree,286,170,116,190,129,61,19,6,13,6,3,3,7,6,1,0,0,0,0,0,0,64,26,38
B0515,25,0,State - Daman & Diu,Rural,Graduate and above other than Technical Degree,443,184,259,123,78,45,175,11,164,11,7,4,4,4,0,0,0,0,0,0,0,130,84,46
B0515,25,0,State - Daman & Diu,Rural,Technical Degree or Diploma equal to Degree or Post-Graduate Degree,141,80,61,59,44,15,23,2,21,2,1,1,3,3,0,0,0,0,0,0,0,54,30,24
B0515,25,0,State - Daman & Diu,Urban,Total,84883,29334,55549,28640,15563,13077,28100,557,27543,22464,10605,11859,1039,782,257,216,132,84,18,12,6,4406,1683,2723
B0515,25,0,State - Daman & Diu,Urban,Illiterate,27980,11425,16555,4506,2382,2124,4855,129,4726,18143,8783,9360,69,25,44,32,10,22,15,10,5,360,86,274
B0515,25,0,State - Daman & Diu,Urban,Literate,56903,17909,38994,24134,13181,10953,23245,428,22817,4321,1822,2499,970,757,213,184,122,62,3,2,1,4046,1597,2449
B0515,25,0,State - Daman & Diu,Urban,Literate but below Matric/Secondary,34350,12182,22168,18048,9808,8240,11602,227,11375,2711,1199,1512,381,304,77,116,69,47,3,2,1,1489,573,916
B0515,25,0,State - Daman & Diu,Urban,Matric/Secondary but below Graduate,16669,4332,12337,5050,2771,2279,8479,139,8340,1046,381,665,294,248,46,47,35,12,0,0,0,1753,758,995
B0515,25,0,State - Daman & Diu,Urban,Technical Diploma or Certificate not equal to Degree,660,307,353,270,170,100,126,7,119,37,22,15,109,53,56,5,5,0,0,0,0,113,50,63
B0515,25,0,State - Daman & Diu,Urban,Graduate and above other than Technical Degree,2887,426,2461,319,152,167,1860,18,1842,174,65,109,99,86,13,5,5,0,0,0,0,430,100,330
B0515,25,0,State - Daman & Diu,Urban,Technical Degree or Diploma equal to Degree or Post-Graduate Degree,537,218,319,176,114,62,172,4,168,33,18,15,49,39,10,2,2,0,0,0,0,105,41,64
B0515,26,0,State - Dadra & Nagar Haveli,Total,Total,186548,74467,112081,81674,44567,37107,44903,1150,43753,53203,25604,27599,709,460,249,341,197,144,18,6,12,5700,2483,3217
B0515,26,0,State - Dadra & Nagar Haveli,Total,Illiterate,77491,30206,47285,10935,5650,5285,15658,420,15238,49023,23577,25446,59,13,46,115,35,80,15,4,11,1686,507,1179
B0515,26,0,State - Dadra & Nagar Haveli,Total,Literate,109057,44261,64796,70739,38917,31822,29245,730,28515,4180,2027,2153,650,447,203,226,162,64,3,2,1,4014,1976,2038
B0515,26,0,State - Dadra & Nagar Haveli,Total,Literate but below Matric/Secondary,76811,34536,42275,58168,31517,26651,13688,487,13201,2815,1349,1466,183,115,68,164,111,53,3,2,1,1790,955,835
B0515,26,0,State - Dadra & Nagar Haveli,Total,Matric/Secondary but below Graduate,20631,6804,13827,9590,5702,3888,9193,134,9059,584,267,317,204,160,44,37,32,5,0,0,0,1023,509,514
B0515,26,0,State - Dadra & Nagar Haveli,Total,Technical Diploma or Certificate not equal to Degree,1113,533,580,644,386,258,192,3,189,25,18,7,103,55,48,0,0,0,0,0,0,149,71,78
B0515,26,0,State - Dadra & Nagar Haveli,Total,Graduate and above other than Technical Degree,4759,650,4109,787,408,379,3367,23,3344,92,56,36,79,61,18,8,5,3,0,0,0,426,97,329
B0515,26,0,State - Dadra & Nagar Haveli,Total,Technical Degree or Diploma equal to Degree or Post-Graduate Degree,1178,453,725,534,304,230,342,4,338,24,15,9,30,22,8,2,1,1,0,0,0,246,107,139
B0515,26,0,State - Dadra & Nagar Haveli,Rural,Total,98991,42502,56489,47939,26238,21701,17159,673,16486,30500,14080,16420,108,75,33,62,32,30,14,4,10,3209,1400,1809
B0515,26,0,State - Dadra & Nagar Haveli,Rural,Illiterate,47056,17087,29969,6536,3290,3246,10489,276,10213,28568,13110,15458,25,5,20,32,13,19,12,3,9,1394,390,1004
B0515,26,0,State - Dadra & Nagar Haveli,Rural,Literate,51935,25415,26520,41403,22948,18455,6670,397,6273,1932,970,962,83,70,13,30,19,11,2,1,1,1815,1010,805
B0515,26,0,State - Dadra & Nagar Haveli,Rural,Literate but below Matric/Secondary,42781,21094,21687,36038,19493,16545,4265,298,3967,1413,704,709,41,35,6,26,16,10,2,1,1,996,547,449
B0515,26,0,State - Dadra & Nagar Haveli,Rural,Matric/Secondary but below Graduate,6030,3031,2999,4121,2684,1437,1366,43,1323,155,67,88,18,17,1,1,1,0,0,0,0,369,219,150
B0515,26,0,State - Dadra & Nagar Haveli,Rural,Technical Diploma or Certificate not equal to Degree,349,196,153,251,156,95,26,2,24,3,2,1,7,6,1,0,0,0,0,0,0,62,30,32
B0515,26,0,State - Dadra & Nagar Haveli,Rural,Graduate and above other than Technical Degree,639,199,440,218,152,66,314,6,308,22,11,11,3,1,2,1,1,0,0,0,0,81,28,53
B0515,26,0,State - Dadra & Nagar Haveli,Rural,Technical Degree or Diploma equal to Degree or Post-Graduate Degree,347,168,179,179,102,77,50,3,47,6,5,1,2,2,0,0,0,0,0,0,0,110,56,54
B0515,26,0,State - Dadra & Nagar Haveli,Urban,Total,87557,31965,55592,33735,18329,15406,27744,477,27267,22703,11524,11179,601,385,216,279,165,114,4,2,2,2491,1083,1408
B0515,26,0,State - Dadra & Nagar Haveli,Urban,Illiterate,30435,13119,17316,4399,2360,2039,5169,144,5025,20455,10467,9988,34,8,26,83,22,61,3,1,2,292,117,175
B0515,26,0,State - Dadra & Nagar Haveli,Urban,Literate,57122,18846,38276,29336,15969,13367,22575,333,22242,2248,1057,1191,567,377,190,196,143,53,1,1,0,2199,966,1233
B0515,26,0,State - Dadra & Nagar Haveli,Urban,Literate but below Matric/Secondary,34030,13442,20588,22130,12024,10106,9423,189,9234,1402,645,757,142,80,62,138,95,43,1,1,0,794,408,386
B0515,26,0,State - Dadra & Nagar Haveli,Urban,Matric/Secondary but below Graduate,14601,3773,10828,5469,3018,2451,7827,91,7736,429,200,229,186,143,43,36,31,5,0,0,0,654,290,364
B0515,26,0,State - Dadra & Nagar Haveli,Urban,Technical Diploma or Certificate not equal to Degree,764,337,427,393,230,163,166,1,165,22,16,6,96,49,47,0,0,0,0,0,0,87,41,46
B0515,26,0,State - Dadra & Nagar Haveli,Urban,Graduate and above other than Technical Degree,4120,451,3669,569,256,313,3053,17,3036,70,45,25,76,60,16,7,4,3,0,0,0,345,69,276
B0515,26,0,State - Dadra & Nagar Haveli,Urban,Technical Degree or Diploma equal to Degree or Post-Graduate Degree,831,285,546,355,202,153,292,1,291,18,10,8,28,20,8,2,1,1,0,0,0,136,51,85
B0515,27,0,State - Maharashtra,Total,Total,62946455,25626181,37320274,28412573,15419216,12993357,15277445,540026,14737419,15459800,7176114,8283686,1319909,1008332,311577,55549,26606,28943,22737,13048,9689,2398442,1442839,955603
B0515,27,0,State - Maharashtra,Total,Illiterate,20422975,8554789,11868186,4266102,2247768,2018334,2998749,145265,2853484,12704921,5936736,6768185,119940,59642,60298,20794,7356,13438,15603,8048,7555,296866,149974,146892
B0515,27,0,State - Maharashtra,Total,Literate,42523480,17071392,25452088,24146471,13171448,10975023,12278696,394761,11883935,2754879,1239378,1515501,1199969,948690,251279,34755,19250,15505,7134,5000,2134,2101576,1292865,808711
B0515,27,0,State - Maharashtra,Total,Literate but below Matric/Secondary,25711890,10810888,14901002,17046617,9093149,7953468,5862819,196260,5666559,1728233,812131,916102,318373,244379,73994,19128,9873,9255,4259,3168,1091,732461,451928,280533
B0515,27,0,State - Maharashtra,Total,Matric/Secondary but below Graduate,11423231,4370395,7052836,5677750,3216274,2461476,4115449,120021,3995428,466086,207155,258931,446360,370016,76344,9484,5923,3561,964,690,274,707138,450316,256822
B0515,27,0,State - Maharashtra,Total,Technical Diploma or Certificate not equal to Degree,341597,227860,113737,209911,153563,56348,40559,2476,38083,8652,5945,2707,42120,35433,6687,271,225,46,25,20,5,40059,30198,9861
B0515,27,0,State - Maharashtra,Total,Graduate and above other than Technical Degree,2569250,767004,1802246,584757,328513,256244,1297881,35927,1261954,108131,39512,68619,227373,178720,48653,2371,1524,847,211,150,61,348526,182658,165868
B0515,27,0,State - Maharashtra,Total,Technical Degree or Diploma equal to Degree or Post-Graduate Degree,689047,350448,338599,300800,188794,112006,143893,5934,137959,20139,10279,9860,104898,76364,28534,437,296,141,61,42,19,118819,68739,50080
B0515,27,0,State - Maharashtra,Rural,Total,30905203,13651963,17253240,15370666,8423526,6947140,5230039,202554,5027485,9067548,4247762,4819786,257035,193105,63930,16848,8163,8685,9707,5475,4232,953360,571378,381982
B0515,27,0,State - Maharashtra,Rural,Illiterate,11766665,4995785,6770880,2350509,1235559,1114950,1392374,68059,1324315,7821025,3598189,4222836,40313,15286,25027,9361,3625,5736,6771,3369,3402,146312,71698,74614
B0515,27,0,State - Maharashtra,Rural,Literate,19138538,8656178,10482360,13020157,7187967,5832190,3837665,134495,3703170,1246523,649573,596950,216722,177819,38903,7487,4538,2949,2936,2106,830,807048,499680,307368
B0515,27,0,State - Maharashtra,Rural,Literate but below Matric/Secondary,13221293,6041925,7179368,9827806,5250851,4576955,2160136,79168,2080968,835581,461262,374319,81110,63306,17804,4714,2810,1904,1887,1443,444,310059,183085,126974
B0515,27,0,State - Maharashtra,Rural,Matric/Secondary but below Graduate,4274416,1906957,2367459,2636597,1570210,1066387,1170850,35214,1135636,123837,70741,53096,68787,59847,8940,1416,966,450,311,238,73,272618,169741,102877
B0515,27,0,State - Maharashtra,Rural,Technical Diploma or Certificate not equal to Degree,123721,91941,31780,91214,71086,20128,7130,624,6506,2142,1651,491,7243,6167,1076,34,30,4,3,2,1,15955,12381,3574
B0515,27,0,State - Maharashtra,Rural,Graduate and above other than Technical Degree,467797,203510,264287,178527,117522,61005,161989,5092,156897,13888,8355,5533,19490,17294,2196,225,176,49,38,35,3,93640,55036,38604
B0515,27,0,State - Maharashtra,Rural,Technical Degree or Diploma equal to Degree or Post-Graduate Degree,197139,123652,73487,105213,72330,32883,20849,1223,19626,4664,3244,1420,25106,20932,4174,72,55,17,18,15,3,41217,25853,15364
B0515,27,0,State - Maharashtra,Urban,Total,32041252,11974218,20067034,13041907,6995690,6046217,10047406,337472,9709934,6392252,2928352,3463900,1062874,815227,247647,38701,18443,20258,13030,7573,5457,1445082,871461,573621
B0515,27,0,State - Maharashtra,Urban,Illiterate,8656310,3559004,5097306,1915593,1012209,903384,1606375,77206,1529169,4883896,2338547,2545349,79627,44356,35271,11433,3731,7702,8832,4679,4153,150554,78276,72278
B0515,27,0,State - Maharashtra,Urban,Literate,23384942,8415214,14969728,11126314,5983481,5142833,8441031,260266,8180765,1508356,589805,918551,983247,770871,212376,27268,14712,12556,4198,2894,1304,1294528,793185,501343
B0515,27,0,State - Maharashtra,Urban,Literate but below Matric/Secondary,12490597,4768963,7721634,7218811,3842298,3376513,3702683,117092,3585591,892652,350869,541783,237263,181073,56190,14414,7063,7351,2372,1725,647,422402,268843,153559
B0515,27,0,State - Maharashtra,Urban,Matric/Secondary but below Graduate,7148815,2463438,4685377,3041153,1646064,1395089,2944599,84807,2859792,342249,136414,205835,377573,310169,67404,8068,4957,3111,653,452,201,434520,280575,153945
B0515,27,0,State - Maharashtra,Urban,Technical Diploma or Certificate not equal to Degree,217876,135919,81957,118697,82477,36220,33429,1852,31577,6510,4294,2216,34877,29266,5611,237,195,42,22,18,4,24104,17817,6287
B0515,27,0,State - Maharashtra,Urban,Graduate and above other than Technical Degree,2101453,563494,1537959,406230,210991,195239,1135892,30835,1105057,94243,31157,63086,207883,161426,46457,2146,1348,798,173,115,58,254886,127622,127264
B0515,27,0,State - Maharashtra,Urban,Technical Degree or Diploma equal to Degree or Post-Graduate Degree,491908,226796,265112,195587,116464,79123,123044,4711,118333,15475,7035,8440,79792,55432,24360,365,241,124,43,27,16,77602,42886,34716
B0515,28,0,State - Andhra Pradesh,Total,Total,45157871,18256551,26901320,21174428,11359147,9815281,9451907,251259,9200648,10532122,4703507,5828615,1859453,804479,1054974,56068,25759,30309,26478,14190,12288,2057415,1098210,959205
B0515,28,0,State - Andhra Pradesh,Total,Illiterate,16961578,6445327,10516251,3352462,1724907,1627555,2962943,98496,2864447,8952398,4052381,4900017,1211148,361327,849821,20088,6530,13558,21826,10952,10874,440713,190734,249979
B0515,28,0,State - Andhra Pradesh,Total,Literate,28196293,11811224,16385069,17821966,9634240,8187726,6488964,152763,6336201,1579724,651126,928598,648305,443152,205153,35980,19229,16751,4652,3238,1414,1616702,907476,709226
B0515,28,0,State - Andhra Pradesh,Total,Literate but below Matric/Secondary,16291298,6899112,9392186,11830770,6158383,5672387,2930574,59854,2870720,854313,353535,500778,264435,147359,117076,16446,7365,9081,2637,1981,656,392123,170635,221488
B0515,28,0,State - Andhra Pradesh,Total,Matric/Secondary but below Graduate,7813178,3126487,4686691,4514678,2524118,1990560,2229060,44724,2184336,352588,133576,219012,179470,140726,38744,10041,5987,4054,705,466,239,526636,276890,249746
B0515,28,0,State - Andhra Pradesh,Total,Technical Diploma or Certificate not equal to Degree,282912,202247,80665,184351,137300,47051,22713,2567,20146,10427,8159,2268,14795,12330,2465,511,457,54,19,14,5,50096,41420,8676
B0515,28,0,State - Andhra Pradesh,Total,Graduate and above other than Technical Degree,1684053,685788,998265,557461,359611,197850,627985,17487,610498,93386,39057,54329,93957,80152,13805,4257,2934,1323,182,109,73,306825,186438,120387
B0515,28,0,State - Andhra Pradesh,Total,Technical Degree or Diploma equal to Degree or Post-Graduate Degree,702312,395473,306839,351060,230419,120641,115943,6253,109690,27816,14922,12894,30513,25691,4822,999,743,256,55,33,22,175926,117412,58514
B0515,28,0,State - Andhra Pradesh,Rural,Total,27309395,11745052,15564343,13473067,7335470,6137597,4350472,127417,4223055,7051219,3219510,3831709,1354913,518837,836076,15550,7043,8507,14431,7541,6890,1049743,529234,520509
B0515,28,0,State - Andhra Pradesh,Rural,Illiterate,11387298,4467436,6919862,2127440,1100030,1027410,1616830,60028,1556802,6302013,2866978,3435035,1055835,323247,732588,7476,2732,4744,12368,5962,6406,265336,108459,156877
B0515,28,0,State - Andhra Pradesh,Rural,Literate,15922097,7277616,8644481,11345627,6235440,5110187,2733642,67389,2666253,749206,352532,396674,299078,195590,103488,8074,4311,3763,2063,1579,484,784407,420775,363632
B0515,28,0,State - Andhra Pradesh,Rural,Literate but below Matric/Secondary,10338792,4621264,5717528,7987566,4179834,3807732,1492695,32554,1460141,461485,216396,245089,171906,101600,70306,5180,2416,2764,1354,1067,287,218606,87397,131209
B0515,28,0,State - Andhra Pradesh,Rural,Matric/Secondary but below Graduate,3933565,1794997,2138568,2606164,1534172,1071992,853533,17804,835729,141194,60352,80842,61499,49255,12244,1710,1157,553,236,192,44,269229,132065,137164
B0515,28,0,State - Andhra Pradesh,Rural,Technical Diploma or Certificate not equal to Degree,155319,117337,37982,111932,86529,25403,7466,1039,6427,4454,3625,829,4131,3323,808,51,45,6,7,4,3,27278,22772,4506
B0515,28,0,State - Andhra Pradesh,Rural,Graduate and above other than Technical Degree,581456,319766,261690,279885,203057,76828,133306,4966,128340,23038,13183,9855,16193,14324,1869,344,279,65,37,31,6,128653,83926,44727
B0515,28,0,State - Andhra Pradesh,Rural,Technical Degree or Diploma equal to Degree or Post-Graduate Degree,262507,169623,92884,149853,107322,42531,26661,1806,24855,7946,5097,2849,7039,6317,722,87,70,17,13,10,3,70908,49001,21907
B0515,28,0,State - Andhra Pradesh,Urban,Total,17848476,6511499,11336977,7701361,4023677,3677684,5101435,123842,4977593,3480903,1483997,1996906,504540,285642,218898,40518,18716,21802,12047,6649,5398,1007672,568976,438696
B0515,28,0,State - Andhra Pradesh,Urban,Illiterate,5574280,1977891,3596389,1225022,624877,600145,1346113,38468,1307645,2650385,1185403,1464982,155313,38080,117233,12612,3798,8814,9458,4990,4468,175377,82275,93102
B0515,28,0,State - Andhra Pradesh,Urban,Literate,12274196,4533608,7740588,6476339,3398800,3077539,3755322,85374,3669948,830518,298594,531924,349227,247562,101665,27906,14918,12988,2589,1659,930,832295,486701,345594
B0515,28,0,State - Andhra Pradesh,Urban,Literate but below Matric/Secondary,5952506,2277848,3674658,3843204,1978549,1864655,1437879,27300,1410579,392828,137139,255689,92529,45759,46770,11266,4949,6317,1283,914,369,173517,83238,90279
B0515,28,0,State - Andhra Pradesh,Urban,Matric/Secondary but below Graduate,3879613,1331490,2548123,1908514,989946,918568,1375527,26920,1348607,211394,73224,138170,117971,91471,26500,8331,4830,3501,469,274,195,257407,144825,112582
B0515,28,0,State - Andhra Pradesh,Urban,Technical Diploma or Certificate not equal to Degree,127593,84910,42683,72419,50771,21648,15247,1528,13719,5973,4534,1439,10664,9007,1657,460,412,48,12,10,2,22818,18648,4170
B0515,28,0,State - Andhra Pradesh,Urban,Graduate and above other than Technical Degree,1102597,366022,736575,277576,156554,121022,494679,12521,482158,70348,25874,44474,77764,65828,11936,3913,2655,1258,145,78,67,178172,102512,75660
B0515,28,0,State - Andhra Pradesh,Urban,Technical Degree or Diploma equal to Degree or Post-Graduate Degree,439805,225850,213955,201207,123097,78110,89282,4447,84835,19870,9825,10045,23474,19374,4100,912,673,239,42,23,19,105018,68411,36607
B0515,29,0,State - Karnataka,Total,Total,33222700,12696541,20526159,13810745,7282549,6528196,7889798,189128,7700670,9452743,4110835,5341908,694400,367419,326981,58427,31393,27034,10682,5603,5079,1305905,709614,596291
B0515,29,0,State - Karnataka,Total,Illiterate,12066112,4547373,7518739,1714186,870115,844071,2119632,60154,2059478,7716408,3438237,4278171,276598,69479,207119,15391,5499,9892,8135,3961,4174,215762,99928,115834
B0515,29,0,State - Karnataka,Total,Literate,21156588,8149168,13007420,12096559,6412434,5684125,5770166,128974,5641192,1736335,672598,1063737,417802,297940,119862,43036,25894,17142,2547,1642,905,1090143,609686,480457
B0515,29,0,State - Karnataka,Total,Literate but below Matric/Secondary,12717377,5270410,7446967,8734898,4553010,4181888,2552087,62759,2489328,981513,405781,575732,122476,69545,52931,15812,7972,7840,1446,1003,443,309145,170340,138805
B0515,29,0,State - Karnataka,Total,Matric/Secondary but below Graduate,5690063,1893630,3796433,2608555,1392185,1216370,2119794,39879,2079915,415333,136715,278618,130359,100448,29911,15849,9880,5969,459,249,210,399714,214274,185440
B0515,29,0,State - Karnataka,Total,Technical Diploma or Certificate not equal to Degree,277103,182572,94531,150838,113382,37456,36231,2408,33823,15723,9838,5885,27202,20918,6284,1410,1240,170,23,19,4,45676,34767,10909
B0515,29,0,State - Karnataka,Total,Graduate and above other than Technical Degree,1057793,323431,734362,235233,136564,98669,494219,9274,484945,96146,29610,66536,76393,63605,12788,5647,4044,1603,125,74,51,150030,80260,69770
B0515,29,0,State - Karnataka,Total,Technical Degree or Diploma equal to Degree or Post-Graduate Degree,401783,187205,214578,175540,104753,70787,87721,2908,84813,25046,10093,14953,25457,21773,3684,1480,1263,217,44,28,16,86495,46387,40108
B0515,29,0,State - Karnataka,Rural,Total,18967105,7617928,11349177,8169961,4364483,3805478,3842668,104098,3738570,5928785,2642737,3286048,342099,141263,200836,8600,3971,4629,5043,2702,2341,669949,358674,311275
B0515,29,0,State - Karnataka,Rural,Illiterate,7895545,2939430,4956115,997676,506145,491531,1372329,37048,1335281,5162483,2276148,2886335,216515,54080,162435,4298,1466,2832,3975,1902,2073,138269,62641,75628
B0515,29,0,State - Karnataka,Rural,Literate,11071560,4678498,6393062,7172285,3858338,3313947,2470339,67050,2403289,766302,366589,399713,125584,87183,38401,4302,2505,1797,1068,800,268,531680,296033,235647
B0515,29,0,State - Karnataka,Rural,Literate but below Matric/Secondary,7617653,3324149,4293504,5523730,2898822,2624908,1341529,38204,1303325,512093,252203,259890,59277,35753,23524,2417,1300,1117,670,523,147,177937,97344,80593
B0515,29,0,State - Karnataka,Rural,Matric/Secondary but below Graduate,2452458,937165,1515293,1319267,740734,578533,786519,18091,768428,120997,53038,67959,29957,24570,5387,1100,734,366,117,81,36,194501,99917,94584
B0515,29,0,State - Karnataka,Rural,Technical Diploma or Certificate not equal to Degree,122942,91327,31615,79817,62719,17098,8499,1052,7447,3823,2967,856,8240,7201,1039,46,35,11,5,5,0,22512,17348,5164
B0515,29,0,State - Karnataka,Rural,Graduate and above other than Technical Degree,227603,100879,126724,84718,56555,28163,75132,2309,72823,11332,6222,5110,7950,7311,639,210,168,42,18,17,1,48243,28297,19946
B0515,29,0,State - Karnataka,Rural,Technical Degree or Diploma equal to Degree or Post-Graduate Degree,103803,53923,49880,50574,31376,19198,13667,727,12940,3682,1971,1711,3309,3062,247,35,24,11,8,8,0,32528,16755,15773
B0515,29,0,State - Karnataka,Urban,Total,14255595,5078613,9176982,5640784,2918066,2722718,4047130,85030,3962100,3523958,1468098,2055860,352301,226156,126145,49827,27422,22405,5639,2901,2738,635956,350940,285016
B0515,29,0,State - Karnataka,Urban,Illiterate,4170567,1607943,2562624,716510,363970,352540,747303,23106,724197,2553925,1162089,1391836,60083,15399,44684,11093,4033,7060,4160,2059,2101,77493,37287,40206
B0515,29,0,State - Karnataka,Urban,Literate,10085028,3470670,6614358,4924274,2554096,2370178,3299827,61924,3237903,970033,306009,664024,292218,210757,81461,38734,23389,15345,1479,842,637,558463,313653,244810
B0515,29,0,State - Karnataka,Urban,Literate but below Matric/Secondary,5099724,1946261,3153463,3211168,1654188,1556980,1210558,24555,1186003,469420,153578,315842,63199,33792,29407,13395,6672,6723,776,480,296,131208,72996,58212
B0515,29,0,State - Karnataka,Urban,Matric/Secondary but below Graduate,3237605,956465,2281140,1289288,651451,637837,1333275,21788,1311487,294336,83677,210659,100402,75878,24524,14749,9146,5603,342,168,174,205213,114357,90856
B0515,29,0,State - Karnataka,Urban,Technical Diploma or Certificate not equal to Degree,154161,91245,62916,71021,50663,20358,27732,1356,26376,11900,6871,5029,18962,13717,5245,1364,1205,159,18,14,4,23164,17419,5745
B0515,29,0,State - Karnataka,Urban,Graduate and above other than Technical Degree,830190,222552,607638,150515,80009,70506,419087,6965,412122,84814,23388,61426,68443,56294,12149,5437,3876,1561,107,57,50,101787,51963,49824
B0515,29,0,State - Karnataka,Urban,Technical Degree or Diploma equal to Degree or Post-Graduate Degree,297980,133282,164698,124966,73377,51589,74054,2181,71873,21364,8122,13242,22148,18711,3437,1445,1239,206,36,20,16,53967,29632,24335
B0515,30,0,State - Goa,Total,Total,881297,319604,561693,327156,168144,159012,252748,11068,241680,176790,79748,97042,32791,20453,12338,3826,2758,1068,229,121,108,87757,37312,50445
B0515,30,0,State - Goa,Total,Illiterate,236109,92189,143920,57147,29294,27853,45055,2361,42694,119860,55427,64433,6834,2195,4639,435,207,228,109,54,55,6669,2651,4018
B0515,30,0,State - Goa,Total,Literate,645188,227415,417773,270009,138850,131159,207693,8707,198986,56930,24321,32609,25957,18258,7699,3391,2551,840,120,67,53,81088,34661,46427
B0515,30,0,State - Goa,Total,Literate but below Matric/Secondary,333764,131509,202255,183433,95410,88023,85300,4177,81123,28309,12913,15396,8597,6152,2445,1176,877,299,34,25,9,26915,11955,14960
B0515,30,0,State - Goa,Total,Matric/Secondary but below Graduate,189417,60918,128499,67283,33157,34126,69580,2542,67038,13211,5551,7660,7735,5800,1935,1145,898,247,25,16,9,30438,12954,17484
B0515,30,0,State - Goa,Total,Technical Diploma or Certificate not equal to Degree,12798,6179,6619,4857,3210,1647,3182,155,3027,789,424,365,937,672,265,99,77,22,0,0,0,2934,1641,1293
B0515,30,0,State - Goa,Total,Graduate and above other than Technical Degree,44143,11139,33004,6807,2832,3975,19275,563,18712,2869,1051,1818,3918,2972,946,476,351,125,15,4,11,10783,3366,7417
B0515,30,0,State - Goa,Total,Technical Degree or Diploma equal to Degree or Post-Graduate Degree,7954,3393,4561,2579,1374,1205,1706,71,1635,473,227,246,1308,792,516,120,81,39,2,1,1,1766,847,919
B0515,30,0,State - Goa,Rural,Total,336195,122450,213745,120634,61819,58815,92584,4868,87716,69509,31348,38161,12824,7390,5434,1052,811,241,55,26,29,39537,16188,23349
B0515,30,0,State - Goa,Rural,Illiterate,95783,35968,59815,20335,10413,9922,19801,1147,18654,48136,21854,26282,4095,1258,2837,118,66,52,28,10,18,3270,1220,2050
B0515,30,0,State - Goa,Rural,Literate,240412,86482,153930,100299,51406,48893,72783,3721,69062,21373,9494,11879,8729,6132,2597,934,745,189,27,16,11,36267,14968,21299
B0515,30,0,State - Goa,Rural,Literate but below Matric/Secondary,135017,52772,82245,70683,36399,34284,34571,1998,32573,11256,5426,5830,3763,2729,1034,374,309,65,14,10,4,14356,5901,8455
B0515,30,0,State - Goa,Rural,Matric/Secondary but below Graduate,64881,21841,43040,23118,11497,11621,21798,960,20838,4259,1886,2373,2267,1801,466,319,254,65,5,4,1,13115,5439,7676
B0515,30,0,State - Goa,Rural,Technical Diploma or Certificate not equal to Degree,4246,2120,2126,1777,1176,601,874,53,821,228,117,111,186,130,56,21,15,6,0,0,0,1160,629,531
B0515,30,0,State - Goa,Rural,Graduate and above other than Technical Degree,10675,2902,7773,2028,829,1199,3880,133,3747,645,269,376,671,517,154,91,63,28,0,0,0,3360,1091,2269
B0515,30,0,State - Goa,Rural,Technical Degree or Diploma equal to Degree or Post-Graduate Degree,1734,807,927,650,359,291,299,19,280,83,40,43,272,176,96,17,12,5,1,1,0,412,200,212
B0515,30,0,State - Goa,Urban,Total,545102,197154,347948,206522,106325,100197,160164,6200,153964,107281,48400,58881,19967,13063,6904,2774,1947,827,174,95,79,48220,21124,27096
B0515,30,0,State - Goa,Urban,Illiterate,140326,56221,84105,36812,18881,17931,25254,1214,24040,71724,33573,38151,2739,937,1802,317,141,176,81,44,37,3399,1431,1968
B0515,30,0,State - Goa,Urban,Literate,404776,140933,263843,169710,87444,82266,134910,4986,129924,35557,14827,20730,17228,12126,5102,2457,1806,651,93,51,42,44821,19693,25128
B0515,30,0,State - Goa,Urban,Literate but below Matric/Secondary,198747,78737,120010,112750,59011,53739,50729,2179,48550,17053,7487,9566,4834,3423,1411,802,568,234,20,15,5,12559,6054,6505
B0515,30,0,State - Goa,Urban,Matric/Secondary but below Graduate,124536,39077,85459,44165,21660,22505,47782,1582,46200,8952,3665,5287,5468,3999,1469,826,644,182,20,12,8,17323,7515,9808
B0515,30,0,State - Goa,Urban,Technical Diploma or Certificate not equal to Degree,8552,4059,4493,3080,2034,1046,2308,102,2206,561,307,254,751,542,209,78,62,16,0,0,0,1774,1012,762
B0515,30,0,State - Goa,Urban,Graduate and above other than Technical Degree,33468,8237,25231,4779,2003,2776,15395,430,14965,2224,782,1442,3247,2455,792,385,288,97,15,4,11,7423,2275,5148
B0515,30,0,State - Goa,Urban,Technical Degree or Diploma equal to Degree or Post-Graduate Degree,6220,2586,3634,1929,1015,914,1407,52,1355,390,187,203,1036,616,420,103,69,34,1,0,1,1354,647,707
B0515,31,0,State - Lakshadweep,Total,Total,45720,17805,27915,16973,8451,8522,11286,950,10336,6406,3197,3209,970,844,126,28,26,2,2,0,2,10055,4337,5718
B0515,31,0,State - Lakshadweep,Total,Illiterate,11390,4717,6673,2898,1471,1427,2195,134,2061,5727,2829,2898,112,84,28,3,2,1,1,0,1,454,197,257
B0515,31,0,State - Lakshadweep,Total,Literate,34330,13088,21242,14075,6980,7095,9091,816,8275,679,368,311,858,760,98,25,24,1,1,0,1,9601,4140,5461
B0515,31,0,State - Lakshadweep,Total,Literate but below Matric/Secondary,23885,8780,15105,10770,5400,5370,6786,550,6236,459,260,199,523,462,61,16,16,0,1,0,1,5330,2092,3238
B0515,31,0,State - Lakshadweep,Total,Matric/Secondary but below Graduate,7659,3342,4317,2987,1444,1543,1269,149,1120,38,21,17,171,152,19,7,6,1,0,0,0,3187,1570,1617
B0515,31,0,State - Lakshadweep,Total,Technical Diploma or Certificate not equal to Degree,196,106,90,39,22,17,21,4,17,0,0,0,31,27,4,1,1,0,0,0,0,104,52,52
B0515,31,0,State - Lakshadweep,Total,Graduate and above other than Technical Degree,590,254,336,163,60,103,57,7,50,3,1,2,27,27,0,0,0,0,0,0,0,340,159,181
B0515,31,0,State - Lakshadweep,Total,Technical Degree or Diploma equal to Degree or Post-Graduate Degree,199,102,97,42,21,21,17,5,12,0,0,0,18,18,0,1,1,0,0,0,0,121,57,64
B0515,31,0,State - Lakshadweep,Rural,Total,9488,3456,6032,3628,1732,1896,1618,99,1519,1743,846,897,174,154,20,5,3,2,2,0,2,2318,622,1696
B0515,31,0,State - Lakshadweep,Rural,Illiterate,2711,1196,1515,709,380,329,301,20,281,1570,749,821,12,10,2,2,1,1,1,0,1,116,36,80
B0515,31,0,State - Lakshadweep,Rural,Literate,6777,2260,4517,2919,1352,1567,1317,79,1238,173,97,76,162,144,18,3,2,1,1,0,1,2202,586,1616
B0515,31,0,State - Lakshadweep,Rural,Literate but below Matric/Secondary,4947,1648,3299,2430,1134,1296,1007,68,939,139,74,65,97,84,13,2,2,0,1,0,1,1271,286,985
B0515,31,0,State - Lakshadweep,Rural,Matric/Secondary but below Graduate,1304,472,832,445,197,248,171,7,164,8,6,2,34,31,3,1,0,1,0,0,0,645,231,414
B0515,31,0,State - Lakshadweep,Rural,Technical Diploma or Certificate not equal to Degree,46,22,24,6,4,2,1,0,1,0,0,0,12,11,1,0,0,0,0,0,0,27,7,20
B0515,31,0,State - Lakshadweep,Rural,Graduate and above other than Technical Degree,53,32,21,9,6,3,5,1,4,1,1,0,7,7,0,0,0,0,0,0,0,31,17,14
B0515,31,0,State - Lakshadweep,Rural,Technical Degree or Diploma equal to Degree or Post-Graduate Degree,29,10,19,2,1,1,2,0,2,0,0,0,4,4,0,0,0,0,0,0,0,21,5,16
B0515,31,0,State - Lakshadweep,Urban,Total,36232,14349,21883,13345,6719,6626,9668,851,8817,4663,2351,2312,796,690,106,23,23,0,0,0,0,7737,3715,4022
B0515,31,0,State - Lakshadweep,Urban,Illiterate,8679,3521,5158,2189,1091,1098,1894,114,1780,4157,2080,2077,100,74,26,1,1,0,0,0,0,338,161,177
B0515,31,0,State - Lakshadweep,Urban,Literate,27553,10828,16725,11156,5628,5528,7774,737,7037,506,271,235,696,616,80,22,22,0,0,0,0,7399,3554,3845
B0515,31,0,State - Lakshadweep,Urban,Literate but below Matric/Secondary,18938,7132,11806,8340,4266,4074,5779,482,5297,320,186,134,426,378,48,14,14,0,0,0,0,4059,1806,2253
B0515,31,0,State - Lakshadweep,Urban,Matric/Secondary but below Graduate,6355,2870,3485,2542,1247,1295,1098,142,956,30,15,15,137,121,16,6,6,0,0,0,0,2542,1339,1203
B0515,31,0,State - Lakshadweep,Urban,Technical Diploma or Certificate not equal to Degree,150,84,66,33,18,15,20,4,16,0,0,0,19,16,3,1,1,0,0,0,0,77,45,32
B0515,31,0,State - Lakshadweep,Urban,Graduate and above other than Technical Degree,537,222,315,154,54,100,52,6,46,2,0,2,20,20,0,0,0,0,0,0,0,309,142,167
B0515,31,0,State - Lakshadweep,Urban,Technical Degree or Diploma equal to Degree or Post-Graduate Degree,170,92,78,40,20,20,15,5,10,0,0,0,14,14,0,1,1,0,0,0,0,100,52,48
B0515,32,0,State - Kerala,Total,Total,21786998,7575843,14211155,8042467,4107045,3935422,5676108,165021,5511087,4750449,2076974,2673475,625091,412019,213072,40360,21401,18959,3715,2200,1515,2648808,791183,1857625
B0515,32,0,State - Kerala,Total,Illiterate,4682857,2036803,2646054,994508,505291,489217,412288,25194,387094,3166379,1464420,1701959,28466,7976,20490,2588,1015,1573,2182,1168,1014,76446,31739,44707
B0515,32,0,State - Kerala,Total,Literate,17104141,5539040,11565101,7047959,3601754,3446205,5263820,139827,5123993,1584070,612554,971516,596625,404043,192582,37772,20386,17386,1533,1032,501,2572362,759444,1812918
B0515,32,0,State - Kerala,Total,Literate but below Matric/Secondary,9465387,3360289,6105098,4811760,2478312,2333448,2620298,82923,2537375,1174529,466897,707632,138569,92830,45739,18645,10051,8594,1115,765,350,700471,228511,471960
B0515,32,0,State - Kerala,Total,Matric/Secondary but below Graduate,5238900,1464826,3774074,1769540,884418,885122,1926626,38057,1888569,232094,78337,153757,207949,158030,49919,12513,6317,6196,198,132,66,1089980,299535,790445
B0515,32,0,State - Kerala,Total,Technical Diploma or Certificate not equal to Degree,430682,190062,240620,138027,78560,59467,56772,3306,53466,12131,6162,5969,87689,45450,42239,1112,844,268,16,10,6,134935,55730,79205
B0515,32,0,State - Kerala,Total,Graduate and above other than Technical Degree,999580,252474,747106,164457,76172,88285,300263,5634,294629,31721,9839,21882,94745,67801,26944,2874,1767,1107,24,14,10,405496,91247,314249
B0515,32,0,State - Kerala,Total,Technical Degree or Diploma equal to Degree or Post-Graduate Degree,229521,88029,141492,77041,37746,39295,25970,846,25124,4209,1632,2577,31508,17100,14408,298,172,126,5,4,1,90490,30529,59961
B0515,32,0,State - Kerala,Rural,Total,11129178,3900553,7228625,4177208,2135423,2041785,2842570,92946,2749624,2491757,1106793,1384964,252210,164177,88033,13634,7525,6109,1504,849,655,1350295,392840,957455
B0515,32,0,State - Kerala,Rural,Illiterate,2511369,1085538,1425831,515195,261571,253624,230463,14618,215845,1704331,786714,917617,16384,4421,11963,1079,429,650,905,450,455,43012,17335,25677
B0515,32,0,State - Kerala,Rural,Literate,8617809,2815015,5802794,3662013,1873852,1788161,2612107,78328,2533779,787426,320079,467347,235826,159756,76070,12555,7096,5459,599,399,200,1307283,375505,931778
B0515,32,0,State - Kerala,Rural,Literate but below Matric/Secondary,4927658,1763442,3164216,2548202,1310248,1237954,1339569,47348,1292221,605896,250275,355621,58494,37844,20650,6617,3813,2804,437,291,146,368443,113623,254820
B0515,32,0,State - Kerala,Rural,Matric/Secondary but below Graduate,2590395,723381,1867014,883452,445201,438251,952078,21166,930912,99024,36531,62493,85648,66939,18709,4000,2114,1886,87,61,26,566106,151369,414737
B0515,32,0,State - Kerala,Rural,Technical Diploma or Certificate not equal to Degree,225486,96002,129484,76576,42256,34320,29762,1770,27992,5402,2661,2741,38985,19829,19156,364,250,114,7,6,1,74390,29230,45160
B0515,32,0,State - Kerala,Rural,Graduate and above other than Technical Degree,411150,105746,305404,76281,36553,39728,114694,2592,112102,9934,3815,6119,27340,20231,7109,700,436,264,7,5,2,182194,42114,140080
B0515,32,0,State - Kerala,Rural,Technical Degree or Diploma equal to Degree or Post-Graduate Degree,97939,36461,61478,33741,16084,17657,10263,389,9874,1502,602,900,11361,6155,5206,87,52,35,4,4,0,40981,13175,27806
B0515,32,0,State - Kerala,Urban,Total,10657820,3675290,6982530,3865259,1971622,1893637,2833538,72075,2761463,2258692,970181,1288511,372881,247842,125039,26726,13876,12850,2211,1351,860,1298513,398343,900170
B0515,32,0,State - Kerala,Urban,Illiterate,2171488,951265,1220223,479313,243720,235593,181825,10576,171249,1462048,677706,784342,12082,3555,8527,1509,586,923,1277,718,559,33434,14404,19030
B0515,32,0,State - Kerala,Urban,Literate,8486332,2724025,5762307,3385946,1727902,1658044,2651713,61499,2590214,796644,292475,504169,360799,244287,116512,25217,13290,11927,934,633,301,1265079,383939,881140
B0515,32,0,State - Kerala,Urban,Literate but below Matric/Secondary,4537729,1596847,2940882,2263558,1168064,1095494,1280729,35575,1245154,568633,216622,352011,80075,54986,25089,12028,6238,5790,678,474,204,332028,114888,217140
B0515,32,0,State - Kerala,Urban,Matric/Secondary but below Graduate,2648505,741445,1907060,886088,439217,446871,974548,16891,957657,133070,41806,91264,122301,91091,31210,8513,4203,4310,111,71,40,523874,148166,375708
B0515,32,0,State - Kerala,Urban,Technical Diploma or Certificate not equal to Degree,205196,94060,111136,61451,36304,25147,27010,1536,25474,6729,3501,3228,48704,25621,23083,748,594,154,9,4,5,60545,26500,34045
B0515,32,0,State - Kerala,Urban,Graduate and above other than Technical Degree,588430,146728,441702,88176,39619,48557,185569,3042,182527,21787,6024,15763,67405,47570,19835,2174,1331,843,17,9,8,223302,49133,174169
B0515,32,0,State - Kerala,Urban,Technical Degree or Diploma equal to Degree or Post-Graduate Degree,131582,51568,80014,43300,21662,21638,15707,457,15250,2707,1030,1677,20147,10945,9202,211,120,91,1,0,1,49509,17354,32155
B0515,33,0,State - Tamil Nadu,Total,Total,39262349,14702997,24559352,16992475,8852986,8139489,8795323,162639,8632684,10268880,3990955,6277925,962961,573082,389879,90867,41847,49020,6249,3471,2778,2145594,1078017,1067577
B0515,33,0,State - Tamil Nadu,Total,Illiterate,12182207,4654535,7527672,2813834,1441571,1372263,1822399,43298,1779101,7062544,3009213,4053331,229295,51773,177522,25036,7208,17828,4084,2130,1954,225015,99342,125673
B0515,33,0,State - Tamil Nadu,Total,Literate,27080142,10048462,17031680,14178641,7411415,6767226,6972924,119341,6853583,3206336,981742,2224594,733666,521309,212357,65831,34639,31192,2165,1341,824,1920579,978675,941904
B0515,33,0,State - Tamil Nadu,Total,Literate but below Matric/Secondary,15334642,5910907,9423735,9429073,4891919,4537154,3401532,58347,3343185,1766310,568571,1197739,198732,117916,80816,35731,16890,18841,1287,833,454,501977,256431,245546
B0515,33,0,State - Tamil Nadu,Total,Matric/Secondary but below Graduate,7915019,2767259,5147760,3785189,1945832,1839357,2315246,36331,2278915,870763,234353,636410,292486,224007,68479,19203,11047,8156,405,233,172,631727,315456,316271
B0515,33,0,State - Tamil Nadu,Total,Technical Diploma or Certificate not equal to Degree,587269,331887,255382,246000,175108,70892,84434,3752,80682,53513,27507,26006,45624,29821,15803,1276,1105,171,31,25,6,156391,94569,61822
B0515,33,0,State - Tamil Nadu,Total,Graduate and above other than Technical Degree,1557654,436857,1120797,300678,152263,148415,607368,8189,599179,200159,45915,154244,118480,95748,22732,4422,2896,1526,104,56,48,326443,131790,194653
B0515,33,0,State - Tamil Nadu,Total,Technical Degree or Diploma equal to Degree or Post-Graduate Degree,638466,298051,340415,244873,148467,96406,123559,3334,120225,60074,21965,38109,37032,28251,8781,963,733,230,41,21,20,171924,95280,76644
B0515,33,0,State - Tamil Nadu,Rural,Total,18368260,7464530,10903730,8750431,4616581,4133850,3163061,77896,3085165,5132757,2110610,3022147,352069,172849,179220,14843,6067,8776,1962,1072,890,953137,479455,473682
B0515,33,0,State - Tamil Nadu,Rural,Illiterate,6573183,2532499,4040684,1424689,733257,691432,919877,23983,895894,3936377,1681588,2254789,158704,35386,123318,6260,1940,4320,1390,701,689,125886,55644,70242
B0515,33,0,State - Tamil Nadu,Rural,Literate,11795077,4932031,6863046,7325742,3883324,3442418,2243184,53913,2189271,1196380,429022,767358,193365,137463,55902,8583,4127,4456,572,371,201,827251,423811,403440
B0515,33,0,State - Tamil Nadu,Rural,Literate but below Matric/Secondary,7391162,3128859,4262303,5079879,2651364,2428515,1261531,29227,1232304,724637,274238,450399,76704,46699,30005,5497,2479,3018,363,236,127,242551,124616,117935
B0515,33,0,State - Tamil Nadu,Rural,Matric/Secondary but below Graduate,3173062,1263735,1909327,1815177,963200,851977,699417,15585,683832,299785,88902,210883,68659,55273,13386,1984,1054,930,107,69,38,287933,139652,148281
B0515,33,0,State - Tamil Nadu,Rural,Technical Diploma or Certificate not equal to Degree,275929,166067,109862,137164,97316,39848,26380,1723,24657,21068,11305,9763,11743,8097,3646,127,102,25,8,6,2,79439,47518,31921
B0515,33,0,State - Tamil Nadu,Rural,Graduate and above other than Technical Degree,376224,141734,234490,118607,65593,53014,93588,2169,91419,38179,11963,26216,17048,14717,2331,291,185,106,25,18,7,108486,47089,61397
B0515,33,0,State - Tamil Nadu,Rural,Technical Degree or Diploma equal to Degree or Post-Graduate Degree,177652,96319,81333,84179,54030,30149,19938,867,19071,12790,5666,7124,5668,4647,1021,71,42,29,8,6,2,54998,31061,23937
B0515,33,0,State - Tamil Nadu,Urban,Total,20894089,7238467,13655622,8242044,4236405,4005639,5632262,84743,5547519,5136123,1880345,3255778,610892,400233,210659,76024,35780,40244,4287,2399,1888,1192457,598562,593895
B0515,33,0,State - Tamil Nadu,Urban,Illiterate,5609024,2122036,3486988,1389145,708314,680831,902522,19315,883207,3126167,1327625,1798542,70591,16387,54204,18776,5268,13508,2694,1429,1265,99129,43698,55431
B0515,33,0,State - Tamil Nadu,Urban,Literate,15285065,5116431,10168634,6852899,3528091,3324808,4729740,65428,4664312,2009956,552720,1457236,540301,383846,156455,57248,30512,26736,1593,970,623,1093328,554864,538464
B0515,33,0,State - Tamil Nadu,Urban,Literate but below Matric/Secondary,7943480,2782048,5161432,4349194,2240555,2108639,2140001,29120,2110881,1041673,294333,747340,122028,71217,50811,30234,14411,15823,924,597,327,259426,131815,127611
B0515,33,0,State - Tamil Nadu,Urban,Matric/Secondary but below Graduate,4741957,1503524,3238433,1970012,982632,987380,1615829,20746,1595083,570978,145451,425527,223827,168734,55093,17219,9993,7226,298,164,134,343794,175804,167990
B0515,33,0,State - Tamil Nadu,Urban,Technical Diploma or Certificate not equal to Degree,311340,165820,145520,108836,77792,31044,58054,2029,56025,32445,16202,16243,33881,21724,12157,1149,1003,146,23,19,4,76952,47051,29901
B0515,33,0,State - Tamil Nadu,Urban,Graduate and above other than Technical Degree,1181430,295123,886307,182071,86670,95401,513780,6020,507760,161980,33952,128028,101432,81031,20401,4131,2711,1420,79,38,41,217957,84701,133256
B0515,33,0,State - Tamil Nadu,Urban,Technical Degree or Diploma equal to Degree or Post-Graduate Degree,460814,201732,259082,160694,94437,66257,103621,2467,101154,47284,16299,30985,31364,23604,7760,892,691,201,33,15,18,116926,64219,52707
B0515,34,0,State - Puducherry,Total,Total,802985,279580,523405,321551,165609,155942,212504,3311,209193,150015,62197,87818,59970,25068,34902,1954,975,979,88,45,43,56903,22375,34528
B0515,34,0,State - Puducherry,Total,Illiterate,228782,84457,144325,57181,29000,28181,34036,755,33281,106190,47520,58670,26710,5694,21016,367,99,268,68,29,39,4230,1360,2870
B0515,34,0,State - Puducherry,Total,Literate,574203,195123,379080,264370,136609,127761,178468,2556,175912,43825,14677,29148,33260,19374,13886,1587,876,711,20,16,4,52673,21015,31658
B0515,34,0,State - Puducherry,Total,Literate but below Matric/Secondary,309531,109153,200378,169982,87421,82561,84655,1138,83517,23538,7576,15962,17038,7806,9232,808,366,442,7,6,1,13503,4840,8663
B0515,34,0,State - Puducherry,Total,Matric/Secondary but below Graduate,178492,57173,121319,74302,37644,36658,62885,894,61991,13012,4382,8630,9261,6661,2600,530,329,201,8,5,3,18494,7258,11236
B0515,34,0,State - Puducherry,Total,Technical Diploma or Certificate not equal to Degree,14736,7598,7138,5469,3724,1745,2906,89,2817,1081,615,466,915,665,250,45,40,5,1,1,0,4319,2464,1855
B0515,34,0,State - Puducherry,Total,Graduate and above other than Technical Degree,41092,10517,30575,7064,3469,3595,18073,245,17828,2860,892,1968,3288,2676,612,119,90,29,0,0,0,9688,3145,6543
B0515,34,0,State - Puducherry,Total,Technical Degree or Diploma equal to Degree or Post-Graduate Degree,16187,7020,9167,5682,3305,2377,3635,87,3548,1047,450,597,1046,787,259,29,21,8,0,0,0,4748,2370,2378
B0515,34,0,State - Puducherry,Rural,Total,247324,89202,158122,104587,54100,50487,57406,968,56438,46618,19946,26672,20372,6942,13430,233,97,136,20,13,7,18088,7136,10952
B0515,34,0,State - Puducherry,Rural,Illiterate,82822,30172,52650,20658,10534,10124,12370,259,12111,34875,15821,19054,13157,3020,10137,64,14,50,11,7,4,1687,517,1170
B0515,34,0,State - Puducherry,Rural,Literate,164502,59030,105472,83929,43566,40363,45036,709,44327,11743,4125,7618,7215,3922,3293,169,83,86,9,6,3,16401,6619,9782
B0515,34,0,State - Puducherry,Rural,Literate but below Matric/Secondary,95701,35249,60452,56129,28773,27356,23800,362,23438,6024,2142,3882,4881,2369,2512,98,39,59,3,2,1,4766,1562,3204
B0515,34,0,State - Puducherry,Rural,Matric/Secondary but below Graduate,49505,16232,33273,21934,11133,10801,15795,242,15553,3896,1262,2634,1462,1047,415,52,29,23,3,1,2,6363,2518,3845
B0515,34,0,State - Puducherry,Rural,Technical Diploma or Certificate not equal to Degree,5195,2973,2222,2321,1669,652,744,37,707,390,213,177,96,67,29,5,3,2,1,1,0,1638,983,655
B0515,34,0,State - Puducherry,Rural,Graduate and above other than Technical Degree,7417,2207,5210,1734,937,797,2640,33,2607,605,185,420,250,208,42,6,6,0,0,0,0,2182,838,1344
B0515,34,0,State - Puducherry,Rural,Technical Degree or Diploma equal to Degree or Post-Graduate Degree,2973,1371,1602,1246,740,506,523,12,511,200,92,108,67,47,20,4,4,0,0,0,0,933,476,457
B0515,34,0,State - Puducherry,Urban,Total,555661,190378,365283,216964,111509,105455,155098,2343,152755,103397,42251,61146,39598,18126,21472,1721,878,843,68,32,36,38815,15239,23576
B0515,34,0,State - Puducherry,Urban,Illiterate,145960,54285,91675,36523,18466,18057,21666,496,21170,71315,31699,39616,13553,2674,10879,303,85,218,57,22,35,2543,843,1700
B0515,34,0,State - Puducherry,Urban,Literate,409701,136093,273608,180441,93043,87398,133432,1847,131585,32082,10552,21530,26045,15452,10593,1418,793,625,11,10,1,36272,14396,21876
B0515,34,0,State - Puducherry,Urban,Literate but below Matric/Secondary,213830,73904,139926,113853,58648,55205,60855,776,60079,17514,5434,12080,12157,5437,6720,710,327,383,4,4,0,8737,3278,5459
B0515,34,0,State - Puducherry,Urban,Matric/Secondary but below Graduate,128987,40941,88046,52368,26511,25857,47090,652,46438,9116,3120,5996,7799,5614,2185,478,300,178,5,4,1,12131,4740,7391
B0515,34,0,State - Puducherry,Urban,Technical Diploma or Certificate not equal to Degree,9541,4625,4916,3148,2055,1093,2162,52,2110,691,402,289,819,598,221,40,37,3,0,0,0,2681,1481,1200
B0515,34,0,State - Puducherry,Urban,Graduate and above other than Technical Degree,33675,8310,25365,5330,2532,2798,15433,212,15221,2255,707,1548,3038,2468,570,113,84,29,0,0,0,7506,2307,5199
B0515,34,0,State - Puducherry,Urban,Technical Degree or Diploma equal to Degree or Post-Graduate Degree,13214,5649,7565,4436,2565,1871,3112,75,3037,847,358,489,979,740,239,25,17,8,0,0,0,3815,1894,1921
B0515,35,0,State - Andaman & Nicobar Islands,Total,Total,228046,81982,146064,90491,46189,44302,59524,2176,57348,40984,19143,21841,9160,5599,3561,397,183,214,49,15,34,27441,8677,18764
B0515,35,0,State - Andaman & Nicobar Islands,Total,Illiterate,67178,25618,41560,13014,6584,6430,14015,641,13374,34215,16228,17987,3433,1492,1941,120,36,84,14,5,9,2367,632,1735
B0515,35,0,State - Andaman & Nicobar Islands,Total,Literate,160868,56364,104504,77477,39605,37872,45509,1535,43974,6769,2915,3854,5727,4107,1620,277,147,130,35,10,25,25074,8045,17029
B0515,35,0,State - Andaman & Nicobar Islands,Total,Literate but below Matric/Secondary,108094,39876,68218,58354,30189,28165,29804,1100,28704,4679,2077,2602,3798,2701,1097,193,93,100,13,6,7,11253,3710,7543
B0515,35,0,State - Andaman & Nicobar Islands,Total,Matric/Secondary but below Graduate,40370,13184,27186,16820,8289,8531,11532,321,11211,1344,561,783,1274,963,311,50,35,15,16,2,14,9334,3013,6321
B0515,35,0,State - Andaman & Nicobar Islands,Total,Technical Diploma or Certificate not equal to Degree,1513,637,876,579,313,266,158,10,148,33,12,21,72,52,20,2,2,0,1,0,1,668,248,420
B0515,35,0,State - Andaman & Nicobar Islands,Total,Graduate and above other than Technical Degree,6333,1398,4935,1063,466,597,2202,42,2160,191,78,113,228,178,50,8,6,2,2,1,1,2639,627,2012
B0515,35,0,State - Andaman & Nicobar Islands,Total,Technical Degree or Diploma equal to Degree or Post-Graduate Degree,1150,421,729,291,137,154,215,6,209,45,18,27,81,67,14,5,3,2,0,0,0,513,190,323
B0515,35,0,State - Andaman & Nicobar Islands,Rural,Total,142624,51617,91007,54603,27913,26690,37750,1782,35968,27972,13066,14906,5457,3283,2174,194,88,106,10,4,6,16638,5481,11157
B0515,35,0,State - Andaman & Nicobar Islands,Rural,Illiterate,45254,17098,28156,7857,3975,3882,9874,561,9313,23395,10997,12398,2392,1053,1339,76,25,51,5,1,4,1655,486,1169
B0515,35,0,State - Andaman & Nicobar Islands,Rural,Literate,97370,34519,62851,46746,23938,22808,27876,1221,26655,4577,2069,2508,3065,2230,835,118,63,55,5,3,2,14983,4995,9988
B0515,35,0,State - Andaman & Nicobar Islands,Rural,Literate but below Matric/Secondary,70682,25766,44916,36802,18968,17834,20466,921,19545,3398,1585,1813,2304,1663,641,94,50,44,3,2,1,7615,2577,5038
B0515,35,0,State - Andaman & Nicobar Islands,Rural,Matric/Secondary but below Graduate,21574,7387,14187,9133,4575,4558,5701,228,5473,772,327,445,510,409,101,12,10,2,1,1,0,5445,1837,3608
B0515,35,0,State - Andaman & Nicobar Islands,Rural,Technical Diploma or Certificate not equal to Degree,608,250,358,224,123,101,57,5,52,9,3,6,21,17,4,0,0,0,0,0,0,297,102,195
B0515,35,0,State - Andaman & Nicobar Islands,Rural,Graduate and above other than Technical Degree,2123,504,1619,309,125,184,625,24,601,66,35,31,58,49,9,1,1,0,0,0,0,1064,270,794
B0515,35,0,State - Andaman & Nicobar Islands,Rural,Technical Degree or Diploma equal to Degree or Post-Graduate Degree,287,97,190,69,32,37,45,2,43,8,3,5,13,10,3,0,0,0,0,0,0,152,50,102
B0515,35,0,State - Andaman & Nicobar Islands,Urban,Total,85422,30365,55057,35888,18276,17612,21774,394,21380,13012,6077,6935,3703,2316,1387,203,95,108,39,11,28,10803,3196,7607
B0515,35,0,State - Andaman & Nicobar Islands,Urban,Illiterate,21924,8520,13404,5157,2609,2548,4141,80,4061,10820,5231,5589,1041,439,602,44,11,33,9,4,5,712,146,566
B0515,35,0,State - Andaman & Nicobar Islands,Urban,Literate,63498,21845,41653,30731,15667,15064,17633,314,17319,2192,846,1346,2662,1877,785,159,84,75,30,7,23,10091,3050,7041
B0515,35,0,State - Andaman & Nicobar Islands,Urban,Literate but below Matric/Secondary,37412,14110,23302,21552,11221,10331,9338,179,9159,1281,492,789,1494,1038,456,99,43,56,10,4,6,3638,1133,2505
B0515,35,0,State - Andaman & Nicobar Islands,Urban,Matric/Secondary but below Graduate,18796,5797,12999,7687,3714,3973,5831,93,5738,572,234,338,764,554,210,38,25,13,15,1,14,3889,1176,2713
B0515,35,0,State - Andaman & Nicobar Islands,Urban,Technical Diploma or Certificate not equal to Degree,905,387,518,355,190,165,101,5,96,24,9,15,51,35,16,2,2,0,1,0,1,371,146,225
B0515,35,0,State - Andaman & Nicobar Islands,Urban,Graduate and above other than Technical Degree,4210,894,3316,754,341,413,1577,18,1559,125,43,82,170,129,41,7,5,2,2,1,1,1575,357,1218
B0515,35,0,State - Andaman & Nicobar Islands,Urban,Technical Degree or Diploma equal to Degree or Post-Graduate Degree,863,324,539,222,105,117,170,4,166,37,15,22,68,57,11,5,3,2,0,0,0,361,140,221
